   191   266    24
   206   285    24
   168   317    24
   306   302    27
   320   250    30
   207   266    30
   205   274    31
   208   257    33
   206   259    34
   234   299    36
   321   261    37
   305   261    40
   127   237    14
   310   310    18
   334   290    19
   318   303    20
   232   313    24
   303   291    25
   193   260    26
   197   268    26
   205   232    35
   219   289    37
   220   290    37
   389   200     6
   389   202     7
   293   310    10
   301   314    13
   333   305    20
   334   306    20
   166   313    24
   304   298    26
   223   252    30
   224   253    30
   213   255    30
   212   255    31
   223   321    31
   222   322    31
   212   235    32
   214   240    32
   315   260    32
   339   286    32
   229   287    33
   230   288    33
   298   241    38
   316   292    38
   202   301    18
   206   235    32
   204   241    34
   334   279    18
   226   257    30
   392   229    12
   198   257    28