   191   269    24
   205   287    24
   166   317    24
   306   303    28
   319   252    30
   206   267    30
   203   274    31
   207   258    33
   207   258    33
   234   300    36
   321   263    37
   304   263    40
   126   240    14
   309   309    17
   332   288    19
   317   303    19
   231   314    24
   303   291    26
   193   261    26
   196   270    26
   207   234    35
   220   291    37
   220   291    37
   389   201     7
   389   201     7
   294   313    11
   301   315    13
   334   305    20
   334   305    20
   166   313    25
   304   300    26
   222   253    30
   222   253    30
   212   256    30
   212   256    30
   221   322    31
   221   322    31
   210   233    32
   213   238    32
   315   261    32
   338   287    32
   228   288    33
   228   288    33
   299   242    38
   316   294    38
   204   301    18
   206   237    32
   202   241    34
   332   277    18
   224   257    30
   392   227    12
   198   259    28