   178   339    13
   317   298    22
   316   299    22
   306   289    29
   296   327    29
   217   252    32
   211   303    33
   214   314    34
   239   355    35
   315   275    37
   199   273    40
   303   302    42
   251   323    42
   259   339    42
   211   318    48
   197   261    19
   332   311    24
   266   205    28
   297   284    30
   293   301    30
   217   251    32
   219   242    33
   180   257    34
   213   314    34
   283   318    41
   218   328    41
   260   342    41
   202   265    42
   250   326    44
   176   231    12
   317   287    20
   297   283    30
   320   341    32
   232   216    33
   281   263    35
   283   272    35
   226   375    35
   279   302    36
   310   304    38
   298   305    39
   233   333    40
   258   338    43
   322   337    30
   232   323    16
   332   313    22
   318   299    30
   216   251    32
   296   305    38
   284   301    24
   280   303    36
   254   325    42
   300   331    42