   179   340    14
   318   299    22
   318   299    22
   306   291    29
   297   329    30
   219   250    32
   212   301    33
   215   313    34
   237   355    35
   316   276    37
   199   272    40
   304   302    42
   253   324    42
   259   340    42
   210   316    48
   199   262    19
   331   312    25
   267   206    28
   298   285    30
   294   303    30
   219   250    32
   220   241    33
   181   258    34
   214   314    34
   285   319    41
   220   328    41
   260   343    41
   203   266    42
   251   326    44
   174   233    12
   317   288    20
   298   285    30
   319   341    32
   234   217    34
   282   264    35
   284   273    35
   225   374    35
   280   302    36
   309   306    38
   297   304    38
   233   332    40
   259   341    42
   322   339    30
   234   323    16
   330   313    22
   318   301    30
   218   249    32
   298   307    38
   286   301    24
   282   305    36
   256   325    42
   300   333    42