   294   282    16
   285   285    16
   307   256    21
   180   216    24
   293   246    30
   155   237    35
   188   215    36
   286   269    16
   198   274    17
   300   251    18
   304   262    20
   153   271    20
   317   256    21
   313   257    21
   289   265    21
   335   216    22
   288   264    22
   196   124    23
   333   154    23
   180   239    24
   146   209    25
   177   235    26
   144   215    27
   289   231    37
   185   220    40
   349   171     8
   281   263    19
   341   160    21
   301   249    21
   190   126    22
   289   248    22
   163   196    23
   319   142    26
   320   143    26
   189   251    26
   305   247    27
   293   131    29
   168   296    31
   256   134    32
   183   176    34
   179   269    37
   178   270    37
   293   271    41
   157   246    24
   161   248    24
   149   262    26
   191   266    28
   169   190    32
   195   242    36
   317   254    18
   159   288    20
   185   280    34
   199   248    38
   171   214    26
   291   276    28
   183   174    34