   293   282    17
   285   287    16
   307   256    22
   179   218    24
   292   246    31
   154   238    35
   189   215    36
   287   269    17
   196   271    17
   300   252    19
   306   263    20
   154   271    21
   315   257    22
   315   257    22
   289   265    22
   337   217    22
   288   264    23
   198   124    24
   333   155    23
   179   241    25
   145   209    25
   176   236    26
   143   216    27
   289   232    37
   183   221    41
   348   171     9
   281   263    20
   342   162    21
   302   249    22
   188   127    22
   291   248    22
   162   197    23
   321   144    26
   321   144    26
   187   253    26
   305   246    28
   292   131    29
   169   295    32
   255   136    33
   182   177    34
   178   268    37
   178   268    37
   295   270    42
   157   248    24
   157   248    24
   147   264    26
   189   266    28
   167   192    32
   193   244    36
   319   254    18
   159   290    20
   185   282    34
   197   250    38
   169   214    26
   289   276    28
   181   176    34