   302   264    36
   298   272    34
   216   256    22
   274   260    40
   301   265    35
   222   256    18
   215   262    19
   297   245    37
   196   234    30
   296   234    37
   196   234    29
   298   300    26
   213   282    13
   305   250    28
   307   256    41
   278   214    37
   207   294    16
   197   233    29
   206   210    26
   263   200    38
   245   287    41
   208   294    13
   232   298    45
   206   213    25
   258   196    37
   252   185    34
   251   184    34
   201   293    11
   262   200    38
   236   188    33
   225   210    32
   199   206    24
   182   240    16
   203   310    14
   171   245    16
   250   184    34
   217   282    10
   221   227    26
   219   203    33
   205   211    25
   304   270    36
   302   274    36
   320   300     7
   268   154    22
   166   234    11
   333   210    21
   310   228    30
   242   179    32
   169   233    13
   328   246    26
   337   191    22
   334   206    22
   215   191    26
   207   283    29
   233   297    45
   193   257    17
   252   151    17
   334   148     9
   344   152     7
   168   263     9
   324   145    10
   192   208    24
   225   148     8
   322   145    10
   335   149     9
   348   156     3
   345   153     6
   212   206    28
   347   155     3
   265   202    38
   195   222    28
   345   152     6
   358   186    12
   238   185    33
   181   237    15
   272   264    40
   206   282    20
   223   267    18
   175   228    13
   169   164     3
   214   205    27
   283   151    17
   288   271    29
   277   239    41
   331   216    17
   223   149     8
   328   144     8
   344   151     7
   205   264    19
   234   149    10
   334   274    12
   304   280    40
   310   255     9
   252   178    32
   188   254    16
   323   261    13
   256   236     6