   302   265    36
   299   272    34
   216   257    22
   274   262    40
   302   265    36
   222   258    18
   215   264    20
   296   245    37
   196   236    30
   295   235    37
   196   236    29
   298   300    28
   213   283    13
   305   252    29
   306   256    41
   277   215    37
   207   296    17
   198   235    29
   206   212    26
   263   201    38
   246   286    41
   208   296    13
   231   299    45
   205   214    25
   258   198    37
   252   186    34
   251   186    34
   201   295    11
   263   201    38
   237   189    33
   225   213    32
   200   207    24
   181   241    16
   204   309    14
   171   247    17
   251   186    34
   218   282    11
   220   230    26
   219   206    33
   205   214    25
   302   272    36
   302   272    36
   320   301     8
   268   155    22
   166   236    11
   332   212    21
   308   230    30
   242   182    32
   170   234    13
   326   248    26
   336   191    22
   334   205    22
   216   194    26
   206   286    30
   231   299    45
   194   260    18
   253   151    17
   334   149     9
   344   153     7
   168   266    10
   325   146    10
   194   208    24
   226   149     8
   323   145    10
   334   149     9
   348   157     3
   346   154     6
   212   210    28
   348   156     3
   263   201    38
   197   225    28
   346   154     6
   359   185    11
   237   189    33
   181   241    16
   274   262    40
   206   286    20
   222   271    18
   177   231    14
   167   166     3
   215   209    26
   280   152    17
   290   274    30
   276   243    42
   333   214    16
   226   149     8
   326   146    10
   346   154     6
   207   268    20
   231   149     9
   336   278    12
   308   280    40
   310   260    11
   252   184    33
   184   254    16
   327   262    13
   254   242     6