   364   231    17
   229   236    31
   171   242    32
   317   297    32
   184   255    33
   295   265    33
   218   269    35
   294   289    35
   286   306    39
   269   287    10
   276   280    12
   341   290    15
   226   274    25
   170   242    32
   294   263    33
   295   264    33
   215   275    33
   156   289    33
   215   281    34
   199   284    35
   292   291    36
   298   273    38
   297   271    39
   265   298    40
   312   316    40
   299   268    42
   230   269    47
   336   323    12
   312   301    15
   239   262    19
   240   263    19
   307   306    20
   317   309    20
   195   267    32
   194   268    32
   294   262    33
   256   219    34
   263   285    43
   327   322    12
   307   324    22
   299   312    24
   179   230    30
   211   254    40
   309   308    20
   207   258    30
   207   270    36
   323   322    18
   289   210    30
   299   296    42
   199   278    20
