   363   232    17
   230   237    31
   171   243    32
   318   299    32
   185   255    33
   296   263    33
   220   268    35
   295   290    35
   287   306    39
   269   292    10
   278   284    13
   339   293    16
   227   278    26
   171   243    32
   296   263    33
   296   263    33
   216   275    33
   155   290    34
   214   282    34
   197   286    35
   293   292    36
   299   273    38
   299   273    38
   265   299    40
   311   317    41
   299   269    42
   229   270    47
   335   324    13
   312   306    16
   241   267    20
   241   267    20
   307   310    21
   317   313    21
   195   268    32
   195   268    32
   296   263    33
   257   219    34
   264   287    43
   325   326    14
   309   327    24
   299   314    26
   181   234    30
   211   256    40
   309   312    20
   207   262    30
   209   270    36
   325   324    18
   291   212    30
   299   298    42
   199   282    20

