   345   328    66
   309   214    69
   338   263    72
   323   346    75
   207   217    81
   192   238    81
   256   223    87
   318   296    87
   300   321    99
   363   212    44
   342   211    53
   326   209    59
   322   209    61
   311   213    68
   206   218    81
   198   243    82
   259   222    85
   309   248    91
   279   247   103
   333   313   118
   364   212    44
   396   264    45
   350   215    51
   341   210    54
   343   211    54
   312   331    68
   311   214    69
   348   242    71
   205   219    81
   353   321    82
   255   224    89
   250   226    93
   197   236    95
   197   237    96
   302   318   107
   371   213    42
   353   309    68
   203   229    92
   309   353    64
   363   297    76
   323   317   118
   209   221    88
   185   295   110
   373   251    50
   193   267    98
   197   267   106
   345   235    58