   343   328    68
   309   213    69
   337   260    72
   323   344    77
   206   218    81
   192   238    82
   256   224    88
   317   295    88
   301   322    99
   361   210    43
   341   210    53
   325   208    58
   320   209    61
   310   212    68
   205   219    81
   198   244    83
   260   222    85
   309   248    90
   281   248   102
   332   313   118
   361   210    43
   396   260    46
   347   213    50
   341   210    53
   341   210    53
   311   330    70
   310   213    69
   347   239    71
   204   220    81
   352   318    83
   255   225    90
   252   226    93
   197   239    96
   197   239    96
   302   316   107
   369   213    42
   353   305    68
   203   231    92
   309   353    66
   361   295    76
   321   317   118
   209   223    86
   185   299   110
   373   247    50
   193   271    98
   197   271   106
   345   231    58