   292   291    36
   294   289    35
   268   307    24
   317   297    32
   298   273    38
   299   296    42
   299   268    42
   238   279    20
   195   267    32
   207   270    36
   194   268    32
   294   263    33
   299   312    24
   211   254    40
   203   263    30
   211   254    40
   248   271    50
   295   264    33
   190   279    26
   297   271    39
   229   236    31
   220   250    41
   218   269    35
   215   248    36
   303   290    12
   240   278    20
   209   254    40
   331   290    50
   325   295    15
   242   264    19
   331   327    14
   329   291    18
   240   263    19
   334   291    17
   250   219    30
   277   280    12
   226   274    25
   323   322    18
   254   218    32
   256   219    34
   307   306    20
   283   212    30
   317   309    20
   199   278    20
   207   258    30
   311   302    16
   255   218    32
   363   229    17
   295   265    33
   359   219    20
   351   206    20
   222   264    34
   179   230    30
   364   231    17
   239   262    19
   218   257    39
   304   303    18
   361   221    15
   332   289    50
   337   199    22
   296   305    17
   307   324    22
   339   200    22
   327   322    12
   336   199    23
   190   255    32