   293   292    36
   295   290    35
   268   308    24
   318   299    32
   299   273    38
   299   298    42
   299   269    42
   239   281    21
   195   268    32
   209   270    36
   195   268    32
   296   263    33
   299   314    26
   211   256    40
   205   265    30
   211   256    40
   247   271    50
   296   263    33
   192   280    27
   299   273    38
   230   237    31
   221   252    42
   220   268    35
   215   248    37
   303   292    14
   239   281    21
   211   256    40
   330   292    50
   324   295    15
   241   267    20
   332   327    14
   329   295    19
   241   267    20
   336   294    17
   250   221    30
   278   284    13
   227   278    26
   325   324    18
   256   219    33
   257   219    34
   307   310    21
   285   213    30
   317   313    21
   199   282    20
   207   262    30
   312   306    16
   256   218    33
   363   232    17
   296   263    33
   359   221    20
   353   210    20
   220   267    35
   181   234    30
   363   232    17
   241   267    20
   217   255    38
   303   308    19
   362   227    16
   330   292    50
   341   202    22
   297   310    17
   309   327    24
   343   204    22
   325   326    14
   341   202    22
   195   257    32