   294   252    33
   292   254    30
   291   261    38
   192   247    29
   195   244    23
   283   286    28
   183   274    36
   185   272    36
   193   260    28
   265   278    32
   292   251    35
   199   301    22
   222   269    51
   289   243    35
   289   240    36
   283   257    29
   181   228    21
   183   223    20
   294   244    29
   324   229    28
   263   270    19
   249   167    24
   296   277    39
   251   166    24
   151   253    24
   240   165    21
   246   189    32
   242   166    22
   299   254    30
   320   221    22
   180   227    21
   160   213    18
   266   164    22
   304   233    25
   148   227    26
   190   200    25
   175   195    14
   309   230    28
   162   216    17
   282   258    27
   199   249    23
   325   228    28
   287   161    17
   277   161    18
   257   170    26
   295   243    29
   309   225    26
   324   215    22
   286   321     8
   203   278    22
   197   272    36
   305   232    25
   304   163    16
   179   226    21
   269   162    20
   217   288     4
   327   264    18
   303   164    16
   247   184    31
   321   281    17
   325   294    16