   294   254    33
   292   254    31
   290   261    39
   192   248    30
   195   245    24
   283   288    30
   183   276    38
   185   274    38
   193   262    30
   267   280    32
   290   251    36
   199   303    24
   221   271    51
   287   243    36
   287   242    36
   282   260    30
   182   229    22
   184   224    21
   293   247    30
   322   230    29
   265   272    19
   248   168    24
   297   275    40
   250   167    24
   151   252    25
   240   166    21
   244   189    32
   243   167    22
   299   252    30
   319   224    23
   182   229    22
   161   213    19
   265   164    22
   302   236    26
   150   227    27
   191   203    25
   175   195    15
   309   228    28
   164   216    18
   281   262    28
   199   253    24
   322   230    29
   289   162    17
   275   161    18
   259   170    25
   293   247    30
   307   229    27
   322   219    23
   284   323    10
   203   282    24
   197   276    38
   302   236    26
   307   165    16
   182   229    22
   272   162    19
   217   292     6
   329   262    20
   307   166    16
   244   189    32
   321   287    18
   323   300    18