   184   349    10
   334   331    13
   185   289    20
   225   292    21
   313   285    27
   318   283    29
   221   314    29
   310   294    32
   302   281    37
   276   277    12
   329   290    17
   225   291    17
   215   329    17
   216   332    17
   297   307    20
   281   300    23
   210   268    26
   307   279    29
   257   204    31
   333   337     7
   223   325     8
   279   311     9
   363   231    10
   155   326    13
   294   305    22
   292   290    23
   202   302    24
   218   267    29
   320   279    29
   208   327    30
   221   324    33
   222   326    33
   320   297    40
   298   249    44
   299   252    45
   310   290    18
   202   318    22
   218   302    24
   212   222    26
   188   284    28
   308   294    28
   316   274    30
   326   312    32
   328   300    20
   294   304    22
   312   282    28
   282   202    30
   362   230    10
   344   300    18
   224   294    20
   312   296    20
   170   304    22
   286   312    30