   183   349    11
   333   333    13
   186   290    20
   225   291    20
   314   285    27
   319   281    29
   221   316    29
   310   295    32
   303   281    37
   277   279    13
   329   292    17
   226   291    17
   215   330    17
   215   330    17
   298   308    20
   282   301    23
   209   270    26
   308   280    29
   256   204    31
   334   337     7
   223   327     8
   279   312    10
   362   234    11
   157   328    14
   294   306    22
   294   291    23
   203   304    25
   217   267    29
   319   281    29
   210   326    30
   221   325    33
   221   325    33
   320   294    40
   298   250    44
   298   250    44
   312   290    18
   202   320    22
   218   304    24
   212   224    26
   188   286    28
   308   296    28
   316   276    30
   328   312    32
   328   302    20
   294   306    22
   312   284    28
   284   202    30
   364   232    10
   346   300    18
   224   296    20
   314   296    20
   172   304    22
   288   312    30