   232   259    22
   189   191    23
   220   182    25
   219   183    25
   201   224    27
   193   226    27
   281   290    28
   185   233    30
   250   157    31
   293   266    31
   209   214    33
   244   163    34
   210   198    34
   223   188    36
   293   243    40
   228   265    42
   234   247    43
   209   154    14
   215   241    22
   256   164    24
   194   197    24
   220   181    25
   199   206    25
   200   208    25
   236   273    25
   197   220    27
   193   227    27
   187   223    28
   191   233    30
   240   160    34
   187   225    34
   212   238    34
   173   258    34
   219   174    35
   221   193    35
   289   196    35
   213   245    37
   225   205    40
   303   252    40
   232   270    47
   203   155    14
   263   150    22
   262   151    22
   285   261    22
   210   207    26
   296   297    26
   295   298    26
   209   206    27
   213   281    29
   212   283    29
   287   266    33
   201   306    33
   200   219    34
   223   196    35
   286   233    35
   239   172    36
   316   260    40
   287   254    46
   215   209    32
   215   219    32
   201   211    24
   213   207    34
   179   267    34
   363   203     8
   325   261    16
   225   269    18
   301   271    18
   247   185    40
   329   241    20
   313   225    28
   201   285    36