   233   260    21
   189   193    23
   220   183    25
   220   183    25
   201   226    27
   195   229    27
   281   291    29
   185   235    30
   252   156    30
   294   268    32
   209   216    33
   244   165    34
   210   199    34
   223   190    36
   294   243    40
   228   267    43
   234   248    43
   206   155    14
   214   244    22
   255   164    25
   194   198    24
   220   183    25
   199   207    25
   199   207    25
   236   276    26
   197   222    27
   195   229    27
   188   225    28
   192   235    30
   240   162    34
   187   227    34
   212   240    34
   174   259    34
   219   175    35
   222   194    35
   288   195    35
   213   246    37
   226   206    40
   304   252    40
   231   270    47
   201   156    14
   263   152    23
   263   152    23
   286   264    23
   210   208    26
   295   299    27
   295   299    27
   209   207    27
   213   285    30
   213   285    30
   288   268    33
   204   308    34
   200   221    34
   223   195    35
   288   234    35
   240   174    36
   315   260    40
   288   254    46
   215   213    32
   215   221    32
   203   213    24
   213   209    34
   179   269    34
   363   207    10
   323   265    18
   225   273    18
   301   275    18
   247   187    40
   325   245    20
   313   229    28
   201   289    36