   192   326    13
   204   251    18
   310   279    18
   195   268    19
   291   295    29
   235   205    33
   192   286    34
   274   306    36
   286   272    41
   308   333     8
   311   336     8
   236   274     9
   329   307    16
   315   286    17
   341   315    17
   205   254    19
   185   320    19
   300   335    19
   190   277    28
   307   303    35
   293   276    41
   280   300     7
   145   207    12
   144   208    12
   326   170    13
   194   217    14
   294   172    17
   309   323    17
   200   245    18
   207   267    18
   312   333    18
   302   339    18
   303   282    19
   184   328    21
   257   173    22
   240   177    23
   225   317    23
   250   177    24
   238   179    25
   248   180    25
   324   307    25
   177   315    27
   176   316    27
   191   277    28
   193   301    28
   322   282    29
   323   283    29
   291   293    30
   184   228    35
   301   278    36
   302   279    36
   206   266    38
   198   225    26
   302   243    32
   340   285    16
   338   313    16
   200   273    32
   294   265    40
   222   167    12
   134   233    12
   272   297    38