   191   328    12
   203   249    18
   310   280    19
   196   267    20
   291   296    29
   236   203    32
   192   287    34
   275   308    36
   285   273    41
   310   334     8
   310   334     8
   235   274     9
   328   306    17
   316   288    18
   340   315    18
   206   255    20
   186   318    20
   299   333    21
   190   275    28
   307   302    35
   293   275    41
   280   301     7
   144   206    12
   144   206    12
   327   170    13
   193   217    14
   293   172    17
   308   325    18
   201   245    19
   208   266    19
   312   333    19
   301   338    18
   305   284    19
   186   327    22
   257   175    23
   243   177    23
   225   318    24
   253   177    24
   239   181    26
   250   180    25
   325   308    25
   175   314    28
   175   314    28
   190   275    28
   191   302    29
   322   285    29
   322   285    29
   291   294    30
   186   230    36
   301   280    37
   301   280    37
   206   267    38
   198   227    26
   302   245    32
   338   285    16
   336   311    16
   202   273    32
   296   265    40
   220   167    12
   132   233    12
   272   299    38