   304   246    26
   300   224    23
   292   228    21
   280   236    16
   198   233    20
   301   233    21
   298   234    34
   219   201    36
   303   257     5
   180   233    22
   220   251    20
   304   258     6
   191   186    44
   139   201    19
   177   245    20
   299   222    23
   296   256     4
   200   232    20
   342   136    10
   313   112    15
   302   220    39
   202   185    26
   312   111    15
   200   244    20
   180   210    23
   216   163    37
   291   230    23
   311   110    15
   138   192    19
   210   226    24
   348   148    12
   238   106    21
   270   128    32
   206   230    24
   246   110    26
   239   107    22
   170   244    19