   304   246    28
   301   225    23
   291   228    22
   280   236    18
   198   235    20
   300   235    21
   299   236    35
   219   203    37
   303   258     6
   181   235    21
   219   249    20
   302   258     6
   192   186    44
   139   203    19
   176   248    20
   301   225    23
   294   256     6
   200   236    20
   342   138    12
   313   113    15
   305   222    39
   204   189    27
   313   112    15
   200   248    20
   180   214    22
   215   167    37
   289   233    22
   313   112    15
   138   197    19
   210   230    26
   348   152    14
   235   108    22
   268   126    32
   210   230    26
   242   112    26
   235   108    22
   174   242    20