   346   137     6
   347   138     6
   368   168     8
   371   175     9
   373   186    11
   145   160    12
   303   255    24
   311   238    25
   285   257    25
   321   218    26
   216   230    26
   319   203    27
   318   208    27
   316   228    27
   297   234    27
   302   236    27
   321   261    27
   226   260    28
   251   172    33
   186   202    35
   303   264    41
   345   137     6
   346   138     6
   365   165     8
   371   177    10
   134   195    15
   346   244    21
   222   257    21
   284   257    25
   216   236    26
   334   270    26
   296   234    27
   300   265    27
   318   210    28
   301   209    31
   214   251    38
   187   291    40
   353   149     8
   358   155     8
   367   169     9
   277   283     9
   369   174    10
   370   176    10
   371   181    11
   171   135    13
   167   139    13
   166   140    13
   162   144    13
   157   149    13
   156   150    13
   143   166    13
   141   169    13
   195   129    14
   236   130    17
   271   145    26
   294   243    26
   295   244    26
   294   234    27
   208   214    29
   297   227    29
   307   196    32
   170   284    32
   272   271    39
   204   224    40
   268   261    41
   134   188    14
   322   248    20
   204   222    26
   206   224    26
   322   224    26
   314   252    26
   312   234    28
   296   272    30
   178   266    20
   294   268    24
   320   260    26
   208   218    28
   136   194    16
   302   244    22
   290   248    24
   324   216    28
   298   268    28