   346   138     6
   346   138     6
   367   168     8
   370   174     9
   372   185    11
   144   161    12
   303   257    24
   311   239    25
   286   259    26
   321   220    26
   216   231    26
   319   205    27
   318   210    27
   316   229    27
   297   235    27
   302   237    27
   321   262    27
   226   261    28
   251   173    33
   188   203    35
   303   265    41
   345   138     6
   345   138     6
   365   166     8
   370   176    10
   134   193    15
   346   246    22
   222   259    21
   286   259    26
   215   236    26
   333   269    26
   296   235    27
   300   264    27
   318   212    28
   300   210    31
   214   250    38
   187   290    40
   354   150     8
   357   154     8
   367   170     9
   278   285     9
   369   175    10
   369   175    10
   371   182    11
   173   134    13
   165   141    13
   165   141    13
   161   145    13
   158   148    13
   155   151    13
   142   167    13
   142   167    13
   193   129    14
   233   129    16
   272   145    26
   294   244    26
   294   244    26
   296   235    27
   207   215    29
   296   228    29
   307   197    32
   169   283    32
   273   273    39
   204   225    40
   269   263    41
   134   186    14
   320   250    22
   204   224    26
   204   224    26
   324   224    26
   316   252    26
   314   234    28
   294   272    30
   178   266    22
   294   270    24
   320   262    26
   208   220    28
   136   196    16
   302   246    22
   292   250    24
   326   216    28
   296   270    28