   162   276    20
   277   137    21
   183   283    21
   227   235    22
   228   177    26
   268   161    35
   201   249    37
   213   282    38
   315   280    43
   171   175    18
   211   143    20
   302   299    34
   218   243    35
   236   265    38
   328   266    42
   327   267    42
   216   238    43
   215   239    43
   321   304    17
   239   197    20
   165   259    20
   159   277    20
   189   204    22
   311   305    25
   195   230    30
   196   231    30
   365   192    31
   352   179    32
   309   264    35
   326   257    36
   235   266    36
   302   288    36
   246   174    37
   245   175    37
   231   190    40
   230   191    40
   348   245    41
   314   298    44
   317   326    12
   361   294    18
   213   206    26
   215   220    30
   213   262    36
   329   294    36
   237   264    38
   217   236    40
   213   260    42
   159   196    16
   157   200    16
   189   156    20
   187   158    20
   227   198    22
   223   194    26
   213   222    28
   313   270    42
   207   198    26
   365   238    30
   203   204    34
   339   256    34
   215   200    22
   207   196    26