   163   276    21
   276   137    21
   184   283    21
   227   236    22
   228   179    26
   269   160    34
   202   250    37
   212   283    38
   316   278    43
   171   176    18
   211   144    20
   302   298    35
   216   243    35
   234   265    38
   327   265    42
   327   265    42
   215   238    43
   215   238    43
   320   304    17
   239   199    20
   167   261    21
   160   277    21
   189   205    23
   312   306    25
   195   232    31
   195   232    31
   365   194    31
   353   180    32
   309   264    36
   325   257    37
   233   267    37
   304   287    37
   246   175    37
   246   175    37
   229   191    40
   229   191    40
   348   244    41
   314   295    45
   317   326    14
   363   294    18
   213   208    26
   215   222    30
   211   262    36
   331   292    38
   235   264    38
   217   238    40
   211   260    42
   159   200    16
   159   200    16
   187   158    20
   185   160    20
   227   200    22
   223   196    26
   213   224    28
   313   268    42
   207   200    26
   365   240    30
   203   206    34
   341   256    36
   215   204    22
   207   200    26