   198   268    22
   278   279    27
   281   301    23
   191   297    22
   187   295    21
   281   298    20
   261   320    23
   195   294    18
   294   281    23
   285   291    17
   294   274    26
   201   274    36
   262   321    22
   291   283    25
   291   282    25
   192   263    25
   278   305    27
   301   278    20
   188   271    22
   305   271    18
   237   275     5
   235   209    32
   276   297     6
   246   211    29
   212   305     2
   232   210    33
   244   211    30
   241   213    35
   184   295    22
   243   211    31
   217   212    25
   245   211    30
   227   214    36
   232   211    34
   284   274     8
   226   215    37
   237   209    29
   236   209    29
   172   278    38
   261   268     6
   232   283    46
   268   210    23
   230   281    46
   269   210    23
   207   243    45
   150   287    34
   294   273    26
   164   209     9
   165   208     9
   127   302     4
   276   288     6
   164   311    40
   230   212    35
   298   267    26
   132   234     9
   145   220     9
   156   215     9
   296   280    22
   163   210     9
   276   210    21
   281   265    33
   260   268     6
   336   236     5
   320   223     6
   228   214    36
   172   208    10
   229   213    35
   162   210     9
   214   297     4
   212   303     2
   128   305     3
   177   208    10
   338   241     4
   340   247     4
   206   247    46
   205   247    46
   125   300     3
   148   218     9
   147   219     9
   150   219    10
   142   221     8