   198   269    22
   277   279    27
   281   302    23
   191   298    22
   187   296    21
   281   299    20
   261   321    23
   194   295    18
   294   282    23
   285   292    17
   293   275    26
   201   275    36
   261   321    23
   291   282    25
   291   281    25
   192   262    25
   279   304    26
   302   278    20
   186   271    22
   304   272    19
   236   276     6
   235   210    32
   276   299     6
   245   211    29
   212   307     2
   232   211    33
   243   211    30
   241   214    35
   186   295    22
   243   211    30
   216   212    25
   245   211    29
   227   215    36
   231   211    34
   285   276     8
   225   216    37
   236   209    30
   235   209    30
   172   277    39
   262   270     7
   230   283    46
   269   210    23
   230   283    46
   270   210    23
   206   244    45
   150   289    34
   294   271    26
   164   210     9
   165   209     9
   127   304     4
   276   287     6
   164   313    40
   231   211    34
   298   265    26
   132   236    10
   143   221     9
   154   216     9
   294   282    23
   164   210     9
   278   211    21
   283   267    33
   262   270     7
   337   238     5
   319   225     7
   230   213    35
   174   209    10
   231   212    34
   164   210     9
   214   301     4
   212   307     2
   127   304     4
   174   209    10
   338   239     4
   340   250     5
   206   244    45
   206   244    45
   127   304     4
   144   220     9
   143   221     9
   146   221    10
   138   225     8