   276   288     6
   323   257    12
   195   278    15
   188   301    16
   285   291    17
   301   278    20
   196   273    21
   188   294    21
   182   312    21
   206   307    22
   294   274    26
   206   300    26
   278   305    27
   276   299    29
   197   254    31
   200   225    33
   266   231    33
   191   236    33
   283   267    33
   298   301    33
   159   265    35
   290   308    42
   285   274     8
   164   209     9
   298   321    11
   302   289    13
   189   306    15
   162   295    17
   305   271    18
   288   311    18
   307   280    19
   306   281    19
   172   303    19
   194   266    21
   195   267    21
   307   292    21
   187   295    21
   280   296    21
   198   268    22
   268   210    23
   214   211    25
   227   214    26
   291   263    26
   243   211    31
   242   211    32
   274   296    33
   195   284    34
   228   214    36
   151   310    37
   216   224    41
   210   311     2
   237   275     5
   328   225     6
   273   280     6
   284   274     8
   314   289    18
   184   290    20
   192   263    25
   225   214    26
   254   211    27
   278   279    27
   245   211    30
   244   211    31
   233   210    32
   275   255    32
   202   277    35
   271   250    37
   152   310    37
   192   311    42
   298   267    26
   294   273    26
   338   241     4
   280   293    20
   184   295    22
   276   297     6
   150   219    10
   152   311    36