   276   287     6
   325   255    12
   196   279    15
   188   301    17
   286   293    16
   302   278    20
   195   274    21
   187   296    21
   181   312    21
   207   308    23
   293   275    26
   205   300    26
   279   304    26
   276   297    28
   198   253    32
   199   228    33
   265   230    33
   191   237    33
   284   268    33
   298   303    33
   159   267    35
   292   306    42
   285   276     8
   164   210     9
   298   322    11
   302   291    14
   190   307    15
   162   296    17
   304   272    19
   288   312    18
   308   281    19
   308   281    19
   172   305    19
   194   267    21
   194   267    21
   306   292    21
   187   296    21
   281   298    20
   198   269    22
   269   210    23
   216   212    25
   226   214    26
   291   261    26
   244   211    30
   242   213    34
   275   295    34
   195   285    34
   230   213    35
   152   313    36
   215   224    41
   210   312     2
   236   276     6
   327   224     6
   273   279     6
   285   276     8
   314   289    19
   184   291    20
   192   262    25
   226   214    26
   253   211    27
   277   278    27
   244   211    30
   244   211    30
   234   210    31
   274   257    33
   202   278    35
   271   251    37
   152   313    36
   192   310    42
   298   265    26
   294   271    26
   338   239     4
   278   293    20
   186   295    22
   276   299     6
   146   221    10
   152   313    36