   282   236    56
   228   244    57
   321   343    58
   187   307    62
   183   309    65
   320   339    65
   175   311    68
   218   305    75
   369   267    18
   365   269    18
   281   237    57
   207   304    61
   210   352    62
   187   308    63
   211   352    63
   189   309    66
   310   299    77
   299   349    86
   300   350    86
   313   307    90
   230   232    37
   300   219    38
   298   220    38
   293   225    41
   290   231    49
   287   234    53
   320   291    53
   346   339    53
   194   276    54
   340   298    56
   321   315    57
   301   369    58
   332   284    60
   209   303    60
   318   285    63
   259   333    66
   177   310    68
   259   332    68
   259   331    70
   225   249    71
   330   309    71
   258   330    71
   187   309    72
   336   312    72
   185   306    73
   339   301    79
   304   290    83
   303   286    87
   349   308    40
   315   332    46
   193   298    62
   187   306    62
   357   268    30
   197   292    52
   339   356    54
   319   284    64
   259   330    70
   337   312    74
   283   322    94
   401   274    14
   335   380    18
   339   284    48
   339   358    54
   187   270    58
   197   306    60
   237   342    66
   257   330    72
   399   276    16
   303   304    16