   283   236    56
   228   245    58
   322   344    59
   187   307    63
   184   310    66
   320   339    66
   175   310    69
   216   306    75
   367   268    19
   364   270    19
   282   237    58
   209   305    61
   210   353    64
   186   308    64
   210   353    64
   190   310    67
   311   299    78
   299   349    87
   299   349    87
   314   308    92
   232   234    37
   300   221    40
   300   221    40
   295   226    43
   292   231    49
   288   235    54
   322   293    54
   347   339    54
   195   278    56
   341   299    57
   322   315    58
   301   370    57
   332   286    61
   210   304    60
   319   285    63
   259   334    66
   178   309    67
   259   334    66
   258   331    71
   225   249    70
   331   310    72
   258   331    71
   188   310    73
   337   314    73
   186   307    74
   339   303    80
   305   291    83
   305   288    88
   351   308    42
   315   332    48
   193   300    62
   187   308    64
   359   268    32
   199   292    54
   341   358    54
   319   286    64
   259   332    70
   339   314    76
   283   320    96
   399   276    14
   337   380    20
   341   284    50
   341   360    54
   189   270    60
   199   306    60
   239   342    68
   257   332    70
   399   280    16
   303   308    16