   324   294    20
   346   263    22
   324   288    22
   327   278    25
   328   279    25
   304   287    25
   301   253    29
   263   198    34
   238   246    35
   214   252    35
   254   262    35
   220   261    37
   308   255    38
   269   250     8
   365   216    17
   326   294    18
   354   209    21
   355   210    21
   350   206    22
   303   286    24
   220   262    34
   253   263    35
   231   255    45
   241   189     6
   366   281    14
   304   266    15
   374   251    16
   373   260    16
   328   191    23
   321   257    26
   265   197    33
   231   241    37
   221   232    18
   309   268    28
   203   264    34
   197   252    36
   219   272    40