   324   295    20
   347   266    22
   324   289    22
   326   279    25
   326   279    25
   303   288    25
   302   253    29
   265   198    33
   237   248    36
   211   254    36
   254   263    35
   220   262    37
   309   257    38
   269   251     8
   366   218    17
   325   297    18
   355   211    21
   355   211    21
   351   208    22
   304   286    24
   219   265    35
   254   263    35
   232   255    45
   240   190     7
   365   283    14
   303   269    15
   374   252    16
   373   261    16
   329   193    23
   322   258    26
   263   198    33
   230   242    37
   217   232    18
   309   270    28
   203   266    34
   197   254    36
   219   274    40