   255   194    54
   252   198    57
   258   148    63
   154    30   178
   190    62   211
   123   127   224
   126   125   225
   145    74   231
   137    79   236
   136   108   237
   135   104   239
   167   105   276
   129   140   289
   135   121   294
   135    37   141
   210    92   172
   134    94   232
   139    98   236
   165   103   279
   165   102   281
   166    99   283
   131   137   290
   131   136   291
   134   127   293
   133   129   293
   133    38   142
   212    91   164
   126    40   173
   142    34   175
   193    84   229
   122   157   267
   123   155   272
   180   111   273
   123   154   273
   167   103   276
   165   101   280
   128   146   282
   129   143   284
   129   141   285
   129   140   286
   130   139   287
   130   138   288
   135   118   291
   139    37   115
   183    99   255
   135   117   289