
   256   192    53
   250   200    58
   257   149    63
   154    30   180
   190    63   213
   124   129   226
   126   127   226
   148    74   231
   138    80   237
   136   108   239
   135   105   240
   168   105   275
   129   140   288
   135   121   293
   135    38   142
   210    94   173
   135    94   233
   140    99   237
   166   103   279
   166   103   279
   167    99   282
   131   136   290
   131   136   290
   134   126   292
   133   128   292
   135    38   142
   211    93   165
   126    40   174
   140    35   177
   193    83   227
   122   157   266
   123   154   272
   180   113   273
   123   154   272
   168   103   275
   166   101   280
   128   145   282
   129   142   284
   129   140   285
   129   139   286
   130   138   287
   130   138   287
   135   119   291
   141    37   115
   183    97   255
   135   119   289