   233   328    32
   217   308    38
   223   265    31
   346   275    34
   224   356    12
   331   330    30
   222   269    38
   311   306    24
   329   275    33
   321   296    24
   215   306    24
   255   224    37
   189   312    30
   210   268    32
   313   328    28
   252   228    38
   314   287    44
   257   222    36
   259   204    26
   261   214    32
   215   310    40
   339   326    36
   342   293    29
   377   239    20
   261   216    34
   243   242    42
   343   292    29
   311   318    42
   347   290    28