   233   328    34
   219   308    38
   222   267    32
   345   276    34
   225   355    12
   329   330    32
   221   272    38
   309   308    26
   330   274    34
   323   298    25
   215   310    24
   254   223    36
   191   314    32
   208   271    33
   313   326    30
   250   227    37
   316   290    44
   254   223    36
   259   206    28
   259   213    31
   215   314    40
   341   328    38
   342   298    30
   378   243    21
   257   217    34
   239   245    42
   342   298    30
   309   322    44
   351   292    28