   321   150    66
   316   150    67
   253   152    85
   281   282    99
   283   279   107
   324   240   113
   279   246   122
   369   189    58
   331   155    65
   320   151    67
   306   150    71
   281   282   100
   284   264   118
   250   244    49
   326   153    66
   321   151    67
   250   151    82
   246   251    87
   249   158    93
   282   283   100
   284   279   109
   286   271   116
   285   268   117
   284   260   120
   291   274   123
   240   248    63
   244   252    85
   226   246    99
   284   256   121
   292   272   123
   312   274    75
   196   246    87