   321   150    67
   315   150    68
   250   153    86
   281   281    99
   283   279   108
   323   238   114
   278   244   122
   370   189    58
   333   156    65
   322   151    67
   306   149    70
   281   281   100
   284   262   119
   249   245    50
   328   154    66
   320   151    68
   248   151    82
   245   252    87
   246   158    92
   282   282   100
   284   278   109
   286   270   116
   285   269   117
   284   261   120
   293   274   124
   242   250    65
   244   252    87
   226   248   101
   284   258   121
   290   270   123
   312   274    79
   196   246    91