   318   280    34
   267   295    24
   313   275    35
   278   293    45
   323   277    39
   279   294    45
   244   258    29
   231   299    38
   328   276    44
   241   277    42
   298   332    29
   232   270    35
   257   289    40
   337   263    44
   242   292    48
   336   282    48
   336   280    48
   337   281    48
   230   301    42
   318   282    33
   246   267    37
   328   317    42
   301   329    24
   240   269    42
   293   306    46
   232   328    33
   215   291    36
   223   300    36
   243   300    44
   272   289    21
   340   269    46
   230   298    42
   242   288    51
   337   264    44
   248   282    42
   319   258    38
   312   231    38
   329   284    34
   239   312    44
   313   232    38
   221   272    40
   231   270    44
   250   263    27
   300   328    24
   334   270    14
   286   228    43
   283   220    41
   333   263    35
   207   302    35
   227   270    38
   266   284    11
   282   210    32
   217   288    34
   202   293    25
   237   328    23
   329   270    34
   342   267    46
   228   273    41
   313   320     8
   319   266    49
   292   203    30
   261   296    23
   205   303    36
   247   233    18
   318   329     6
   341   271    46
   321   279    39
   325   258    36
   291   203    31
   341   252    32
   275   217    39
   295   202    29
   284   212    38
   335   204    24
   313   320     8
   309   315    10
   255   280    38
   175   238     8
   172   260    12
   289   209    32
   202   207     9
   174   246    10
   174   255    12
   217   311    20
   174   243     9
   283   209    31
   288   208    35
   174   240     8
   362   230    22
   314   323     7
   196   210     8
   173   263    13
   226   272    39
   174   249    11
   333   203    24
   331   270    32
   271   290    22
   235   262    37
   290   210    32
   320   267    49
   245   240    26
   235   257    46
   313   284    32
   375   236    11
   211   300    22
   315   324     7
   211   206    10
   222   287    36
   173   256    12
   194   330    11
   269   290    22
   235   302    24
   268   226    43