   318   281    34
   268   295    24
   312   276    35
   278   294    45
   323   278    39
   278   294    45
   244   259    29
   231   300    38
   328   277    44
   240   278    42
   299   332    29
   233   271    35
   256   291    40
   336   263    44
   242   293    48
   336   283    48
   336   281    48
   337   282    48
   230   302    41
   316   283    33
   245   269    37
   327   317    43
   300   329    25
   241   270    42
   293   308    46
   233   328    33
   216   292    36
   223   302    36
   243   302    44
   271   288    20
   339   270    46
   230   300    42
   242   289    51
   336   263    44
   246   282    42
   319   260    38
   311   231    38
   328   286    34
   239   314    44
   312   233    38
   221   274    40
   231   272    44
   248   263    28
   301   327    23
   333   270    14
   286   229    43
   282   220    41
   332   265    35
   207   304    36
   225   270    38
   267   283    11
   281   211    32
   215   288    34
   202   295    26
   236   330    23
   329   268    34
   341   269    46
   226   274    42
   312   320     9
   317   265    49
   291   203    30
   259   298    23
   207   304    36
   245   234    18
   318   330     6
   341   269    46
   323   278    39
   323   260    36
   289   204    31
   341   250    32
   275   216    38
   293   202    29
   284   211    37
   334   205    24
   313   322     8
   310   317    10
   255   283    39
   175   239     9
   173   261    13
   287   208    32
   202   208     9
   174   245    10
   174   257    13
   217   314    20
   174   245    10
   281   211    32
   286   210    36
   175   239     9
   361   232    23
   313   321     8
   197   211     9
   173   261    13
   223   272    39
   174   247    11
   334   205    24
   333   268    32
   271   288    20
   234   266    37
   287   208    32
   317   265    49
   243   244    26
   233   261    46
   316   283    33
   374   232    11
   209   304    22
   313   321     8
   207   208    10
   219   290    37
   173   261    13
   197   333    12
   271   288    20
   231   302    24
   270   223    42