   174   138   150
   164   163   155
   112   139   169
   130   135   172
   106    48   177
   105    49   178
   158    45   195
   118   126   213
   125   138   220
   130    90   232
   122   127   232
   131   119   233
   130   119   234
   122   101   239
   132   112   241
   129    81   246
   168    73   265
   169    78   267
   167    73   270
   119   128   290
   157    97   295
   189   181   132
   177   161   137
   176   161   138
   171   159   140
   104   134   156
   178   140   161
   160   146   173
   158   146   195
   154    43   196
   156    44   196
   160    46   196
   163    48   197
   177    58   202
   182    71   221
   177    64   226
   140   121   231
   179    73   232
   135   123   232
   134   123   233
   170    79   261
   169    79   265
   168    80   270
   158    90   292
   163   117   293
   159   103   294
   160   106   294
   161   111   294
   162   115   294
   101    61    97
   103    61    98
   187   196   120
   187   195   121
   123   194   122
   137   120   154
   160   148   160
   159   147   161
   166   150   164
   165   149   165
   164   149   166
   183    59   168
   185    62   170
   188    68   173
   105    50   175
   160   136   176
   159   137   176
   158   137   177
   108    47   188
   107    48   188
   187    72   194
   186    71   196
   176    57   202
   177    58   203
   184    74   212
   182    74   222
   181    74   224
   176    63   226
   178    77   236
   176    69   238
   135   116   238
   176    70   240
   173    80   254
   171    81   258
   170    81   261
   120   128   288
   120   127   289
   158    92   291
   163   117   292
   121   122   292
   159   103   293
   123   114   295
   124   109   296
   176   144   167
   134   146   177
   128   146   157
   126   186   131
   110   196   133
   130   170   155
   120   130   285
   206    78    85
   202    74    89
   122   206   109
   170   174   133
   210    82    85
   194    66    93
   198    70    93
   226   110    93
   206   190   105
   138   130   133
    98    58   105
   106    78   161