   174   140   154
   164   165   159
   110   140   169
   130   137   176
   104    50   180
   104    50   180
   159    46   196
   118   128   215
   125   139   222
   130    90   233
   122   128   234
   131   120   235
   131   120   235
   122   104   239
   132   113   243
   130    80   246
   167    73   268
   168    78   268
   167    73   268
   119   126   290
   158    97   294
   190   183   134
   178   163   141
   178   163   141
   172   161   144
   105   136   160
   178   141   164
   161   147   175
   158   149   197
   154    43   197
   156    44   197
   160    46   197
   163    48   198
   177    59   202
   181    73   223
   176    64   226
   139   121   231
   179    74   231
   135   124   234
   135   124   234
   170    79   260
   169    79   264
   168    80   268
   157    91   292
   163   116   293
   159   104   294
   159   104   294
   162   111   293
   163   116   293
   102    62   102
   102    62   102
   186   198   124
   186   198   124
   123   196   125
   138   121   157
   159   150   164
   159   150   164
   165   152   168
   165   152   168
   165   152   168
   183    60   169
   184    61   171
   187    68   176
   104    51   177
   160   138   179
   160   138   179
   160   138   179
   106    49   189
   106    49   189
   186    73   197
   186    73   197
   176    58   203
   176    58   203
   184    75   213
   181    73   223
   181    73   223
   175    63   226
   178    78   236
   176    71   240
   135   117   240
   176    71   240
   173    80   253
   171    81   257
   170    81   260
   120   126   288
   120   126   288
   158    93   291
   163   116   292
   121   121   291
   159   104   293
   123   113   294
   125   107   295
   176   146   171
   134   148   181
   128   148   161
   126   188   135
   110   198   137
   130   172   159
   120   132   283
   206    82    89
   202    78    93
   122   206   113
   170   174   137
   210    86    89
   194    66    97
   198    70    97
   226   114    97
   206   190   109
   138   130   137
    98    58   109
   106    78   165