   386   267    44
   381   275    44
   265   156    57
   316   302    57
   313   297    67
   281   163    69
   310   292    76
   241   273    79
   306   282    82
   306   281    83
   209   256    87
   212   259    88
   317   264    88
   315   259    92
   282   289    97
   170   148    36
   381   274    44
   350   310    52
   324   326    53
   251   159    54
   265   157    58
   321   296    58
   288   316    62
   270   159    63
   273   160    65
   273   167    70
   215   212    75
   191   262    83
   309   264    92
   226   267    96
   281   287    97
   146   171    43
   361   300    49
   349   307    49
   360   166    50
   324   153    57
   319   153    59
   288   315    61
   309   306    63
   270   160    64
   355   227    65
   273   161    66
   314   299    67
   185   227    76
   201   234    78
   309   286    81
   295   316    83
   213   253    90
   307   265    92
   282   287    98
   290   306    40
   354   228    66
   182   246    78
   202   248    96
   240   256   102
   292   304    42
   300   296    46
   328   300    54
   332   272    56
   326   264    72
   184   228    74
   172   242    76
   334   290    80
   238   258   100
   238   256   102
   366   308    42
   312   318    50
   268   160    64
   170   242    78
   202   264    86
   266   184    92
   372   180    50