   385   266    45
   381   273    45
   264   157    58
   316   303    58
   312   297    67
   283   164    70
   309   290    76
   239   273    81
   307   283    83
   307   283    83
   210   255    88
   214   257    89
   318   266    89
   317   261    93
   282   288    98
   171   149    37
   381   273    45
   350   308    54
   324   326    54
   251   160    54
   264   157    58
   321   294    60
   288   316    63
   269   159    63
   271   160    65
   273   169    72
   216   213    77
   192   261    85
   310   266    93
   227   267    97
   282   288    98
   145   173    44
   361   298    51
   349   305    51
   358   165    51
   323   153    57
   318   154    60
   288   315    62
   309   305    64
   269   160    64
   353   227    68
   272   162    67
   314   298    69
   187   225    78
   202   233    79
   309   286    82
   296   317    83
   214   251    91
   308   267    93
   282   286    99
   290   304    42
   352   228    68
   184   244    80
   204   248    96
   238   258   102
   290   304    42
   302   296    48
   328   298    56
   330   272    58
   326   264    74
   186   226    76
   174   240    78
   334   290    82
   238   258   102
   238   258   102
   366   306    44
   312   318    52
   266   160    64
   172   240    80
   202   264    88
   268   184    92
   370   180    52