   230   298    61
   208   280    62
   239   258    64
   222   274    64
   223   248    66
   210   294    66
   303   295    66
   314   281    68
   238   254    98
   227   278    55
   315   277    60
   222   235    77
   206   236    77
   223   236    78
   224   237    78
   236   259    96
   234   259    99
   212   254    60
   236   274    60
   235   275    60
   237   274    61
   351   202    62
   330   198    68
   316   259    74
   194   297    47
   348   263    85
   198   293    49
   204   293    63
   222   271    77
   318   241    87
   182   241    71
   150   229    51