   230   299    62
   208   283    63
   240   257    64
   221   276    65
   223   250    67
   209   297    67
   304   295    65
   315   281    68
   237   257    98
   226   279    56
   315   279    61
   221   238    78
   206   240    77
   223   240    79
   223   240    79
   234   259    97
   234   259    97
   211   256    62
   235   276    61
   235   276    61
   235   276    61
   350   203    63
   333   200    68
   318   262    75
   192   299    49
   346   265    85
   196   295    51
   204   293    65
   222   273    79
   318   245    87
   182   245    71
   150   233    51