   299   266    25
   251   273    32
   299   285    25
   298   291    20
   310   291    20
   300   286    25
   301   293    25
   299   311    22
   311   267    22
   217   268    21
   291   310    25
   282   310    27
   301   290    21
   223   255    37
   205   246    25
   235   270    32
   316   281    39
   210   238    26
   219   298    29
   307   269    40
   216   234    34
   308   309    16
   298   265    26
   309   284    26
   202   260    35
   200   251    33
   205   288    22
   317   276    20
   197   303    19
   313   240    30
   207   277    36
   305   302    22
   310   268    22
   222   278    27
   313   280    20
   224   234    38
   200   292    19
   341   295    17
   211   278    20
   168   250    20
   305   245    43
   311   244    27
   298   284    25
   297   290    29
   299   310    22
   205   286    28
   304   245    45
   219   252    44
   320   269    28
   215   269    21
   166   254    20
   210   275    36
   221   199    29
   337   270    20
   200   303    16
   219   223    32
   181   257    22
   266   194    38
   352   237    40
   267   192    37
   163   240    20
   234   223    43
   260   200    41
   264   197    40
   268   190    36
   310   245    27
   164   253    20
   297   276    24
   176   193    20
   213   198    22
   199   240    26
   291   274    34
   303   244    45
   275   172    25
   288   317     6
   303   294    20
   219   232    38
   146   187     9
   299   171    21
   162   175    11
   365   218    32
   303   171    20
   377   258    28
   178   168    11
   201   231    46
   283   310     6
   293   280    30
   333   284    20
   299   290    24
   301   265    25
   193   240    34
   210   232    26
   327   167    17
   156   180    11
   350   217    27
   198   278    38
   390   267     8
   338   175    14
   385   209     9
   339   177    14
   349   173     9
   206   278    36
   204   290    21
   119   246    10
   320   271    28
   333   170    17
   325   168    18
   373   226    30
   308   285    26
   385   212    10
   228   195    33
   332   291    26
   332   173    10
   383   206     9
   300   295    24
   213   277    20
   191   284    20
   368   189    10