299   267    26
   250   273    33
   300   285    26
   299   292    20
   311   291    20
   300   285    26
   301   292    26
   299   312    22
   312   268    22
   217   269    22
   290   310    26
   283   310    28
   301   289    22
   223   256    37
   205   246    26
   235   270    34
   315   281    39
   210   238    27
   219   297    30
   307   270    41
   216   235    34
   309   309    16
   299   267    26
   311   284    26
   201   261    35
   199   252    33
   205   290    22
   317   278    20
   197   304    20
   312   241    31
   208   276    36
   307   302    22
   312   268    22
   223   280    28
   315   280    20
   223   235    38
   200   294    19
   342   296    17
   210   280    20
   168   251    21
   306   246    43
   310   243    28
   300   285    26
   297   288    30
   297   310    22
   203   286    28
   305   245    45
   218   252    44
   318   269    29
   217   269    22
   165   255    21
   208   276    36
   222   199    29
   339   270    20
   201   302    17
   218   225    32
   182   259    23
   266   195    38
   351   237    40
   268   192    37
   164   239    20
   235   222    43
   259   201    41
   263   198    40
   267   191    36
   310   243    28
   165   255    21
   299   278    24
   177   193    21
   214   200    23
   199   238    26
   293   276    34
   305   245    45
   276   172    25
   287   316     7
   305   296    20
   219   230    38
   145   188     9
   300   171    21
   161   176    11
   365   220    32
   304   171    20
   377   256    28
   179   168    11
   200   233    46
   284   312     7
   293   278    32
   335   286    20
   299   288    26
   299   267    26
   195   242    34
   210   235    27
   328   168    17
   157   179    11
   350   215    27
   196   280    38
   389   268     9
   337   175    14
   384   210    10
   338   176    14
   348   173     9
   208   276    36
   205   293    20
   119   244    10
   318   269    29
   331   170    17
   327   170    18
   371   224    30
   311   284    26
   384   210    10
   230   193    33
   335   292    27
   335   173    10
   384   210    10
   301   292    26
   210   280    20
   187   284    20
   365   186    10