   295   292    78
   201   223    83
   217   233    86
   317   252    91
   310   260    96
   198   254    99
   316   254   100
   322   277   100
   198   255   107
   385   215    44
   386   218    47
   313   292    81
   317   309    81
   234   278    83
   213   214    86
   190   227    91
   211   240    95
   311   260    96
   198   253    99
   196   265    99
   197   254   101
   320   257   103
   196   264   105
   315   251   112
   385   216    44
   385   217    45
   385   218    46
   210   213    83
   302   288    84
   214   234    88
   212   235    89
   323   254   110
   322   255   110
   200   269    80
   332   237    92
   214   271    78
   338   269    80
   208   267    82
   184   261    94
   194   291    78