   296   291    80
   200   224    84
   216   233    87
   317   252    92
   310   260    97
   199   254    99
   314   254   100
   322   276   102
   200   256   108
   385   216    45
   385   216    45
   313   291    83
   316   307    83
   234   279    84
   211   213    86
   188   227    93
   211   241    96
   310   260    97
   199   254    99
   197   266   100
   199   254    99
   318   258   104
   198   265   106
   314   253   113
   385   216    45
   385   216    45
   385   216    45
   208   214    84
   302   287    85
   213   234    89
   212   235    90
   322   255   111
   322   255   111
   200   269    82
   332   237    94
   214   271    80
   338   267    82
   208   267    84
   186   261    96
   196   291    80