   350   143    41
   217   252   103
   354   141    37
   348   145    42
   193   267    74
   265   156    77
   287   289   100
   271   271   106
   359   145    34
   367   160    36
   374   176    43
   376   181    44
   378   186    45
   268   155    75
   264   158    78
   240   166    84
   237   167    86
   212   289    86
   234   171    91
   232   174    94
   285   286   102
   283   283   103
   272   271   106
   272   271   106
   334   141    58
   316   141    60
   322   233    74
   196   207    78
   276   275   106