   351   145    41
   216   253   103
   354   143    38
   349   147    42
   191   269    75
   266   155    75
   288   290   100
   272   272   106
   359   146    35
   366   158    36
   374   177    44
   376   182    45
   378   187    46
   268   155    74
   263   159    78
   238   167    84
   235   168    86
   212   290    86
   231   171    91
   230   175    94
   286   287   102
   283   284   103
   272   270   107
   270   269   106
   336   143    58
   314   141    60
   322   231    76
   194   207    78
   278   277   106