   291   295    29
   293   281    25
   291   293    30
   312   333    18
   324   307    25
   302   339    18
   323   325    11
   208   267    18
   339   280    19
   222   323    18
   203   250    18
   207   267    18
   341   315    17
   329   307    16
   199   250    27
   195   268    19
   198   251    17
   202   249    17
   270   297    38
   192   286    34
   197   250    17
   200   245    18
   290   294    29
   206   266    38
   293   276    41
   205   254    19
   267   280    44
   302   279    36
   336   313    16
   333   275    27
   306   343    19
   268   281    44
   190   277    28
   286   272    41
   311   336     8
   212   237    38
   274   306    36
   317   296    19
   308   333     8
   315   286    17
   293   267    33
   274   303    37
   200   273    32
   309   323    17
   194   217    14
   238   275     8
   301   278    36
   302   243    32
   340   285    16
   191   277    28
   267   292    38
   194   286    25
   204   251    18
   196   233    17
   188   210    22
   176   316    27
   177   315    27
   242   175    20
   193   301    28
   302   272    39
   198   225    26
   242   176    23
   258   172    21
   272   174    20
   184   328    21
   214   216    30
   243   173    18
   292   280    25
   215   168     9
   223   166    11
   144   208    12
   192   326    13
   236   170    15
   322   301    18
   241   195    31
   241   177    23
   240   175    20
   258   173    22
   176   329    18
   182   217    28
   256   173    22
   144   206    11
   224   321    20
   255   173    22
   338   313    16
   145   207    12
   242   173    18
   300   335    19
   251   175    23
   192   265    18
   289   300    23
   378   219     6
   235   205    33
   334   315    14
   199   251    31
   199   243    18
   319   217    22
   294   172    17
   305   172    16
   225   165    11
   330   171    12
   132   237    12
   136   229    12
   306   268    31
   277   229    33
   240   177    22
   242   173    18
   242   192    30
   382   237     8
   380   229     8
   180   327    14
