   291   296    29
   294   282    25
   291   294    30
   312   333    19
   325   308    25
   301   338    18
   322   325    11
   208   266    19
   340   280    19
   222   323    20
   203   249    18
   208   266    19
   340   315    18
   328   306    17
   199   250    28
   196   267    20
   198   250    18
   203   249    18
   269   296    38
   192   287    34
   198   250    18
   201   245    19
   291   296    29
   206   267    38
   293   275    41
   206   255    20
   267   281    44
   301   280    37
   336   311    16
   332   276    28
   306   341    20
   267   281    44
   190   275    28
   285   273    41
   310   334     8
   212   238    38
   274   304    37
   318   298    20
   310   334     8
   316   288    18
   295   266    33
   274   301    38
   202   273    32
   308   325    18
   193   217    14
   236   275     9
   301   280    37
   302   245    32
   338   285    16
   190   275    28
   268   294    38
   195   284    26
   203   249    18
   196   231    17
   189   210    23
   175   314    28
   175   314    28
   243   175    20
   191   302    29
   304   273    40
   198   227    26
   243   177    23
   258   173    22
   271   174    20
   186   327    22
   216   216    31
   244   174    19
   294   282    25
   214   168     9
   222   166    12
   143   207    12
   191   328    12
   235   169    15
   324   303    18
   243   196    31
   243   177    23
   242   175    20
   260   173    22
   176   327    20
   184   218    28
   256   175    23
   143   207    12
   222   323    20
   256   175    23
   336   311    16
   143   207    12
   244   174    19
   299   333    21
   250   177    24
   194   265    20
   289   297    23
   380   221     6
   236   203    32
   336   317    13
   198   249    33
   201   245    19
   319   220    23
   297   173    17
   302   172    16
   222   166    12
   327   170    13
   132   233    12
   136   225    12
   303   270    31
   280   232    33
   242   175    20
   240   171    16
   243   196    31
   382   233     8
   380   225     8
   184   327    14