   226   260    28
   224   266    26
   216   236    26
   216   230    26
   295   273    26
   244   271    34
   296   234    27
   297   234    27
   220   261    20
   302   236    27
   311   238    25
   212   252    32
   300   265    27
   321   261    27
   316   228    27
   214   251    38
   270   267    40
   297   227    29
   222   257    21
   297   262    30
   208   214    29
   294   268    24
   303   255    24
   300   209    31
   186   292    39
   303   264    41
   187   291    40
   242   270    34
   294   250    22
   204   222    26
   172   286    32
   179   272    41
   320   260    26
   208   218    28
   301   209    31
   291   233    40
   285   257    25
   296   272    30
   220   258    21
   206   224    26
   307   196    32
   294   234    27
   204   224    40
   334   270    26
   178   266    20
   321   218    26
   224   254    21
   314   252    26
   139   245    15
   312   234    28
   318   208    27
   318   210    28
   221   260    20
   322   262    26
   319   203    27
   251   172    33
   312   268    21
   228   277    18
   274   277    10
   322   224    26
   135   193    15
   138   177    14
   346   244    21
   221   262    38
   324   216    28
   134   194    15
   239   133    21
   239   132    20
   236   130    17
   270   145    26
   371   181    11
   280   143    24
   144   267    14
   138   244    15
   136   194    16
   369   174    10
   290   248    24
   238   134    21
   290   238    24
   367   169     9
   277   283     9
   345   228    43
   240   131    19
   166   140    13
   237   130    17
   367   167     8
   365   165     8
   359   156     8
   261   145    27
   345   137     6
   346   137     6
   142   167    13
   241   131    19
   353   149     8
   145   163    13
   368   168     8
   186   202    35
   208   270    26
   344   139     7
   296   281    18
   134   208    16
   346   138     6
   343   136     6
   342   136     6
   347   138     6
   284   257    25
   370   176    10
   364   164     8
   371   177    10
   307   136    20
   371   175     9
   136   184    14
   358   155     8
   232   142    24
   331   131     6
   234   141    24
   314   134    18
   244   145    26
   140   171    13
   309   251    19
   334   134     7
   208   228    26
   155   149    12
   165   140    13
   167   139    13
   351   147     8
   171   135    13
   342   136     6
   297   258    18
   366   166     8
   180   129    13
   245   177    36
   136   183    14
   135   181    13
   322   248    20
   349   139     6
   370   180    12
   206   260    24
   168   138    13
   155   148    12
   156   148    12
   170   136    13
   362   159     7
   206   239    38
   334   132     6
   302   264    24
   138   178    14