   226   261    28
   223   266    27
   215   236    26
   216   231    26
   295   274    26
   245   272    34
   296   235    27
   297   235    27
   220   262    21
   302   237    27
   311   239    25
   211   251    32
   300   264    27
   321   262    27
   316   229    27
   214   250    38
   270   266    40
   296   228    29
   222   259    21
   297   264    30
   207   215    29
   294   270    24
   303   257    24
   300   210    31
   185   292    39
   303   265    41
   187   290    40
   242   268    34
   294   252    23
   204   224    26
   171   285    32
   179   271    41
   320   262    26
   208   220    28
   300   210    31
   292   233    40
   286   259    26
   294   272    30
   222   259    21
   204   224    26
   307   197    32
   296   235    27
   204   225    40
   333   269    26
   178   266    22
   321   220    26
   223   256    22
   316   252    26
   139   246    15
   314   234    28
   318   210    27
   318   212    28
   220   262    21
   320   262    26
   319   205    27
   251   173    33
   313   270    22
   230   278    19
   274   276    10
   324   224    26
   134   193    15
   138   178    14
   346   246    22
   219   261    39
   326   216    28
   134   193    15
   239   134    21
   239   133    20
   236   131    17
   271   145    26
   371   182    11
   281   143    24
   145   269    14
   139   246    15
   136   196    16
   369   175    10
   292   250    24
   239   134    21
   292   240    24
   367   170     9
   278   285     9
   344   227    43
   240   132    20
   165   141    13
   236   131    17
   367   168     8
   365   166     8
   359   157     8
   260   146    28
   345   138     6
   346   138     6
   143   166    13
   240   132    20
   354   150     8
   146   162    13
   367   168     8
   188   203    35
   206   272    26
   343   139     7
   295   280    20
   134   206    16
   345   138     6
   342   136     6
   341   136     6
   346   138     6
   286   259    26
   369   175    10
   365   166     8
   370   176    10
   307   138    21
   370   174     9
   136   182    14
   357   154     8
   234   142    24
   330   132     7
   236   141    24
   316   134    18
   246   146    27
   141   169    13
   309   254    20
   336   135     7
   206   226    26
   153   151    12
   167   139    13
   165   141    13
   349   146     8
   173   134    13
   344   138     6
   298   261    19
   364   164     8
   177   130    13
   247   175    35
   137   180    14
   136   178    13
   320   250    22
   346   138     6
   370   184    12
   206   264    24
   165   141    13
   152   151    12
   153   151    12
   173   134    13
   360   156     7
   209   237    37
   338   134     6
   306   264    24
   140   174    14