   287   278    22
   177   302    21
   232   273    38
   185   273    17
   194   271    22
   286   268    42
   291   286    21
   197   232    21
   186   272    17
   287   282    24
   198   243    22
   296   285    20
   318   239    28
   192   249    20
   190   213    24
   215   257    20
   196   232    22
   286   309    18
   289   278    21
   198   220    22
   135   303     5
   201   228    23
   150   161    10
   194   203    20
   151   160    10
   369   181     5
   367   178     5
   177   197    29
   141   170    11
   361   166     3
   352   160     6
   352   159     6
   379   203     5
   352   161     6
   290   145    19
   222   187    30
   383   240     5
   165   188    24
   174   189    22
   170   187    22
   265   156    24
   364   171     4
   270   149    21
   210   269    40
   289   267    43
   228   181    30
   314   233    28
   218   155    20
   371   179     3