   288   278    23
   176   301    21
   234   272    39
   185   274    18
   196   271    22
   288   269    42
   291   288    22
   198   233    22
   186   271    18
   288   282    26
   200   243    22
   296   285    22
   318   241    28
   194   249    20
   191   212    24
   216   259    21
   198   233    22
   286   309    20
   288   278    23
   200   221    22
   135   303     6
   204   228    23
   151   162    11
   196   201    20
   151   162    11
   370   183     5
   367   180     6
   180   196    29
   140   172    12
   360   167     4
   351   162     7
   351   161     7
   378   202     6
   354   163     6
   292   148    20
   226   187    30
   382   244     6
   169   188    24
   178   189    22
   174   187    22
   269   157    24
   362   169     4
   273   152    22
   210   265    40
   290   271    44
   231   185    30
   318   231    28
   223   157    20
   373   184     4