   279   317    35
   279   302    36
   293   301    30
   253   322    40
   285   318    40
   297   284    30
   319   312    21
   318   298    22
   312   327    25
   296   327    29
   250   326    44
   317   298    22
   217   313    32
   306   289    29
   322   337    30
   318   299    30
   297   283    30
   213   314    34
   283   272    35
   317   287    20
   254   325    42
   284   301    24
   313   329    18
   214   314    34
   280   303    36
   281   263    35
   288   309    20
   316   299    22
   320   311    20
   332   331    30
   310   304    38
   319   333    15
   298   305    39
   324   297    20
   216   251    32
   291   284    27
   219   242    33
   195   252    39
   232   323    16
   217   251    32
   332   313    22
   231   343    14
   291   303    29
   326   335    48
   211   318    48
   266   205    28
   213   304    31
   242   329    15
   162   264    10
   314   330    19
   217   252    32
   365   240     8
   240   305    17
   251   323    42
   180   289    16
   234   214    33
   176   231    12
   360   236    10
   168   242     9
   160   285    10
   361   236     9
   177   230    12
   359   235    10
   321   356     7
   228   331    18
   167   247    10
   362   347     9