   280   318    35
   280   302    36
   294   303    30
   254   323    40
   285   319    41
   298   285    30
   319   313    21
   318   299    22
   311   328    26
   297   329    30
   251   326    44
   318   299    22
   218   313    32
   306   291    29
   322   339    30
   318   301    30
   298   285    30
   214   314    34
   284   273    35
   317   288    20
   256   325    42
   286   301    24
   314   330    18
   215   313    34
   282   305    36
   282   264    35
   290   309    20
   318   299    22
   319   313    21
   334   331    30
   309   306    38
   320   335    15
   297   304    38
   326   297    20
   218   251    32
   293   283    28
   220   241    33
   195   253    39
   234   323    16
   219   250    32
   330   313    22
   232   345    15
   294   303    30
   325   337    48
   210   316    48
   267   206    28
   215   302    31
   244   331    16
   162   265    11
   314   328    18
   219   250    32
   365   242     9
   243   305    17
   252   326    43
   180   291    18
   234   217    34
   174   233    12
   361   240    11
   169   240    10
   162   287    12
   361   240    11
   174   233    12
   361   240    11
   318   355     8
   230   335    18
   166   252    11
   365   344     9