   201   293    11
   358   186    12
   175   228    13
   213   282    13
   267   153    21
   337   191    22
   334   206    22
   216   256    22
   199   206    24
   215   191    26
   195   222    28
   196   234    29
   242   180    33
   220   201    33
   298   272    34
   278   214    37
   296   234    37
   262   200    38
   307   256    41
   224   302    45
   205   305    45
   347   155     3
   343   151     7
   320   300     7
   327   145     9
   169   233    13
   181   237    15
   182   240    16
   288   150    17
   206   265    19
   206   213    25
   251   178    32
   241   181    33
   219   203    33
   251   185    34
   302   264    36
   297   245    37
   191   150     6
   187   151     6
   185   152     6
   345   153     6
   223   149     8
   329   146     9
   335   149     9
   324   145    10
   279   264    12
   208   294    13
   290   150    17
   252   151    17
   257   155    21
   242   179    32
   225   210    32
   237   185    33
   189   305    43
   182   242    16
   192   208    24
   328   246    26
   212   206    28
   310   228    30
   302   274    36
   222   256    18
   196   234    30
   304   270    36
   206   282    20
   332   286    20
   206   210    26
   274   260    40