   201   295    11
   359   185    11
   177   231    14
   213   283    13
   269   153    20
   336   191    22
   334   205    22
   216   257    22
   200   207    24
   216   194    26
   197   225    28
   196   236    29
   242   182    33
   220   204    33
   299   272    34
   277   215    37
   295   235    37
   263   201    38
   306   256    41
   225   302    45
   206   306    45
   348   156     3
   344   152     7
   320   301     8
   328   146     9
   170   234    13
   181   241    16
   181   241    16
   291   150    17
   207   268    20
   205   214    25
   252   180    32
   241   183    33
   219   206    33
   252   187    34
   302   265    36
   296   245    37
   192   150     6
   189   151     6
   187   152     6
   346   154     6
   226   149     8
   330   147     9
   334   149     9
   325   146    10
   281   265    12
   208   296    13
   291   150    17
   253   151    17
   258   155    21
   242   182    32
   225   213    32
   239   185    33
   191   306    43
   182   244    16
   194   208    24
   326   248    26
   212   210    28
   308   230    30
   302   272    36
   222   258    18
   196   236    30
   302   272    36
   206   286    20
   330   288    22
   206   212    26
   274   262    40