   273   162    61
   272   163    62
   309   237    76
   310   231    77
   221   149    32
   289   157    53
   219   220    82
   214   231    84
   317   154    47
   329   212    73
   199   261    78
   253   178    81
   328   241    82
   247   187    89
   246   189    90
   310   264    93
   218   265    97
   212   232    62
   316   216    74
   322   246    78
   320   248    80
   200   272    92
   212   260    94
   222   264    98
   218   240   106
   256   166    66
   320   250    84
   198   274    92
   212   278    92
   216   232   100
   344   156    26
   254   166    66
   270   168    68
   322   254    86
   196   276    92
   310   266    94
   270   168    68