   273   164    62
   273   164    62
   310   237    77
   310   231    78
   223   151    32
   289   158    52
   221   223    83
   216   231    85
   316   155    47
   327   213    74
   200   260    80
   254   181    82
   328   242    83
   248   190    90
   248   190    90
   312   265    95
   219   266    99
   212   232    64
   316   216    76
   322   248    80
   322   248    80
   198   272    94
   212   260    96
   222   266   100
   220   242   106
   256   168    66
   322   250    86
   196   274    94
   212   278    94
   216   234   100
   342   158    26
   254   168    66
   272   168    66
   322   254    88
   194   276    94
   312   268    96
   272   168    66