   290   297     8
   322   304    12
   324   309    15
   191   270    16
   326   281    17
   209   281    21
   214   285    22
   324   310    22
   210   291    24
   193   293    25
   191   232    27
   187   259    29
   246   188    32
   170   254    32
   289   304    10
   309   295    12
   313   278    14
   199   285    17
   316   291    17
   335   298    17
   180   304    17
   316   289    18
   188   266    19
   189   267    19
   211   295    19
   312   313    19
   203   273    20
   182   294    20
   243   182    23
   207   286    23
   224   293    23
   283   315    23
   179   198    25
   306   250    25
   343   255    25
   199   202    26
   195   221    26
   198   234    26
   195   240    26
   196   241    26
   177   293    26
   200   231    27
   224   295    27
   210   312    28
   189   265    29
   225   307    29
   176   255    30
   161   242    32
   174   245    33
   175   246    33
   319   273    33
   282   294    40
   279   284    41
   297   296     8
   148   169     9
   147   170     9
   130   250    10
   128   228    11
   211   302    21
   335   249    22
   212   262    22
   242   182    23
   327   219    24
   329   266    24
   197   233    26
   197   242    26
   231   288    27
   214   303    29
   203   210    39
   308   261    39
   185   221    40
   183   222    40
   283   294    40
   188   275    16
   190   281    18
   188   297    18
   198   303    18
   186   237    20
   162   249    22
   182   263    22
   194   293    24
   194   225    28
   190   231    28
   318   239    30
   196   249    18
   198   253    18
   186   257    18
   322   231    28
   312   217    30
   310   217    32
   196   279    18
   200   257    20
   202   259    20
   210   259    22