   290   294     8
   323   305    13
   325   309    16
   189   271    16
   325   281    18
   210   283    21
   214   287    22
   325   309    23
   210   292    24
   193   294    25
   190   233    27
   187   260    29
   246   188    31
   169   255    32
   291   306    10
   309   298    12
   314   278    15
   200   287    17
   316   291    18
   336   298    18
   180   306    18
   316   291    18
   187   268    19
   187   268    19
   210   295    19
   314   313    20
   203   276    20
   184   294    20
   242   183    23
   207   288    23
   224   296    23
   282   313    22
   178   200    25
   307   250    26
   343   255    26
   199   203    26
   194   222    26
   197   235    26
   195   243    26
   195   243    26
   177   294    26
   200   232    27
   224   296    27
   210   313    28
   189   266    29
   226   307    31
   175   256    30
   163   244    32
   174   247    33
   174   247    33
   321   272    33
   284   296    40
   279   285    41
   297   298     8
   149   169     9
   149   169     9
   131   252    11
   130   228    12
   211   302    20
   334   250    23
   212   263    22
   241   183    23
   326   220    25
   328   268    25
   197   235    26
   196   243    26
   231   289    27
   214   304    29
   202   211    39
   308   261    40
   184   222    40
   184   222    40
   284   296    40
   188   277    16
   190   283    18
   188   299    18
   198   305    18
   184   235    20
   162   251    22
   182   265    22
   194   295    24
   194   227    28
   188   229    28
   318   241    30
   196   251    18
   196   251    18
   186   259    18
   320   233    28
   312   219    30
   310   219    32
   196   281    18
   200   259    20
   200   259    20
   212   261    22