   288   317    50
   307   300    81
   309   281    88
   231   268    89
   241   274    96
   281   299    98
   284   325    70
   285   315    91
   289   261   100
   287   263   100
   250   266   103
   290   310    41
   287   319    52
   286   324    61
   286   325    62
   305   293    69
   285   325    71
   269   212    83
   316   295    83
   281   298    99
   201   262    62
   307   224    68
   313   240    72
   213   246    76
   321   298    90
   219   274    98
   315   298    26
   227   292    62
   307   294    68
   305   294    70
   271   212    84
   321   240    86
   215   296    52
   295   286    72
   211   268    78
   213   290    60
   205   318    72
   241   282    52
   209   290    60