   289   318    50
   308   300    83
   310   283    89
   230   271    89
   240   275    97
   281   299    99
   284   325    71
   285   316    91
   290   261   101
   288   263   101
   249   267   103
   290   311    42
   288   320    52
   286   325    61
   286   325    61
   306   294    71
   285   326    71
   270   213    83
   316   297    85
   281   298   100
   201   260    64
   307   226    70
   313   242    74
   213   248    78
   321   300    92
   218   275    99
   315   300    30
   227   292    64
   307   294    70
   305   294    72
   273   214    84
   321   242    88
   215   298    56
   297   288    74
   211   270    80
   213   290    64
   205   318    76
   241   282    56
   209   290    64