   286   284    29
   181   276    27
   288   264    22
   191   266    28
   289   265    21
   292   268    23
   281   263    19
   293   246    30
   179   269    37
   177   235    26
   307   256    21
   175   276    22
   301   241    27
   291   276    28
   305   247    27
   300   242    27
   178   236    26
   291   258    20
   300   251    18
   178   235    26
   168   296    31
   155   237    35
   289   231    37
   180   239    24
   307   262    19
   183   248    22
   286   269    16
   294   282    16
   155   270    20
   189   251    26
   300   227    28
   157   246    24
   178   270    37
   180   216    24
   289   279    27
   171   214    26
   144   215    27
   191   264    27
   188   215    36
   289   248    22
   153   271    20
   146   209    25
   199   247    38
   199   248    38
   163   196    23
   149   262    26
   157   260    22
   313   257    21
   298   247    39
   167   198    26
   304   262    20
   185   220    40
   197   281    15
   183   176    34
   317   254    18
   317   256    21
   165   202    22
   336   218    21
   169   190    32
   166   186    23
   335   216    22
   297   301    12
   183   174    34
   333   154    23
   348   173    17
   320   143    26
   192   204    36
   222   131    30
   231   141    36
   163   230    36
   341   160    21
   345   167    19
   256   134    32
   227   133    32
   340   157    21
   343   161    20
   303   263    20
   349   171     8
   190   126    22
   230   139    35
   229   135    33
   319   142    26
   179   276    20
   198   274    17
   113   163    13
   161   248    24
   305   220    32
   199   256    28
   196   124    23
   114   162    13
   165   266    22
   229   137    34
    99   261    13