   286   283    29
   181   276    28
   288   264    23
   189   266    28
   289   265    22
   292   267    24
   281   263    20
   292   246    31
   178   268    37
   176   236    26
   307   256    22
   175   277    23
   300   241    28
   289   276    28
   305   246    28
   300   241    28
   176   236    26
   292   259    21
   300   252    19
   176   236    26
   169   295    32
   154   238    35
   289   232    37
   179   241    25
   306   263    20
   181   249    23
   287   269    17
   293   282    17
   154   271    21
   187   253    26
   301   228    29
   157   248    24
   178   268    37
   179   218    24
   290   277    28
   169   214    26
   143   216    27
   189   266    28
   189   215    36
   291   248    22
   154   271    21
   145   209    25
   197   249    38
   197   250    38
   162   197    23
   147   264    26
   155   262    22
   315   257    22
   296   248    39
   165   198    26
   306   263    20
   183   221    41
   195   280    16
   182   177    34
   319   254    18
   315   257    22
   165   204    22
   337   217    22
   167   192    32
   165   185    23
   337   217    22
   299   300    12
   181   176    34
   333   155    23
   347   173    18
   321   144    26
   192   202    37
   221   132    31
   229   141    36
   165   232    36
   342   162    21
   346   169    19
   255   136    33
   226   135    33
   341   159    21
   344   163    20
   306   263    20
   348   171     9
   188   127    22
   227   139    35
   226   135    33
   321   144    26
   179   280    20
   196   271    17
   111   166    13
   157   248    24
   303   218    34
   197   260    28
   198   124    24
   111   166    13
   161   268    22
   226   135    33
   102   266    14