   157   162    25
   240   158    67
   206   248    91
   212   238    92
   204   249    99
   246   273    67
   312   249    69
   265   162    70
   263   161    74
   262   162    75
   201   240    89
   263   175    91
   263   176    92
   234   157    65
   235   158    66
   239   159    68
   240   160    70
   242   163    75
   242   164    76
   261   167    82
   203   229    89
   245   266    94
   277   295   102
   256   248   108
   204   260    90
   206   246   110
   132   182    24
   222   266    86
   218   248    92
   314   244    96
   316   244    98
   232   158    66
   212   260    98
   200   260   108
   198   262   110
