   159   162    26
   240   159    67
   205   247    93
   211   237    94
   204   248   100
   244   273    67
   314   247    70
   267   164    71
   264   163    75
   264   163    75
   199   239    90
   262   176    91
   262   176    91
   235   159    66
   235   159    66
   238   160    68
   238   160    68
   241   164    75
   241   164    75
   263   168    83
   202   228    90
   244   265    95
   278   294   103
   257   246   109
   202   260    92
   208   246   110
   130   184    24
   222   266    84
   216   248    94
   314   244    98
   314   244    98
   234   158    66
   212   260   100
   200   260   110
   200   260   110