   238   284    36
   293   319    22
   298   316    20
   294   287    23
   198   275    33
   239   283    36
   271   302    17
   274   310    16
   300   319    19
   244   276    40
   272   306    16
   192   306    22
   196   289    35
   200   309    21
   297   314    20
   205   292    19
   184   321    23
   186   289    21
   240   282    36
   204   193    35
   202   195    35
   312   275    35
   288   177    28
   326   237    29
   285   297    25
   290   327    19
   310   329    17
   220   165    17
   197   304    23
   294   305    29
   325   234    27
   202   197    35
   308   287    29
   160   189    14
   158   192    14
   196   220    39
   353   190    17
   161   188    14
   342   177    15
   256   193    35
   326   233    27
   352   187    16
   190   293    33
   329   283    35
   340   175    15
   348   181    15
   224   169    25
