   238   285    36
   292   319    22
   297   317    20
   294   289    23
   198   276    33
   238   285    36
   272   303    17
   275   311    16
   298   319    19
   243   276    41
   273   308    16
   192   307    22
   196   289    33
   198   309    21
   297   317    20
   205   294    20
   182   321    23
   188   289    21
   238   285    36
   204   195    35
   204   195    35
   312   279    35
   287   179    29
   326   239    27
   287   300    26
   287   325    19
   306   329    17
   222   165    17
   195   307    23
   296   308    30
   326   239    27
   204   195    35
   310   291    29
   161   191    15
   161   191    15
   198   224    40
   351   188    17
   161   191    15
   342   181    17
   260   193    35
   326   239    27
   349   185    16
   194   291    33
   328   289    35
   342   181    17
   350   187    17
   228   172    27