   254   262    35
   309   268    28
   301   252    26
   324   288    22
   253   260    34
   324   294    20
   253   263    35
   305   264    20
   220   261    37
   301   253    29
   233   250    38
   219   272    40
   236   247    33
   238   246    35
   373   260    16
   203   264    34
   374   251    16
   197   252    36
   366   281    14
   374   232    16
   241   240    19
   357   210    20
   221   241    30
   269   250     8
   244   207    37
   299   251    26
   349   205    22
   221   225    18
   220   262    34
   266   186    21
   366   217    17
   261   187    19
   357   209    19
   256   198    35
   260   197    34
   252   195    33
   237   229    21
   353   208    21
   209   224    18
   239   188     5
   239   236    20
   225   250    16
   216   233    29
   355   208    20
   256   188    17
   215   281    20
   245   258    16
   241   189     6
   208   186     3
   245   257    17
   221   232    18
   329   294    16