   254   263    35
   309   270    28
   301   253    27
   324   289    22
   252   261    34
   324   295    20
   254   263    35
   306   264    20
   220   262    37
   302   253    29
   233   252    38
   219   274    40
   235   249    34
   237   248    36
   373   261    16
   203   266    34
   374   252    16
   197   254    36
   365   283    14
   374   234    16
   240   242    20
   357   212    20
   221   244    30
   269   251     8
   243   208    37
   301   253    27
   350   207    22
   220   226    18
   219   265    35
   266   187    21
   367   220    17
   260   188    19
   358   212    19
   254   199    35
   258   198    34
   250   196    33
   236   233    21
   355   211    21
   211   226    18
   238   189     6
   237   240    20
   225   254    16
   214   237    29
   357   212    20
   258   188    18
   214   285    21
   244   262    18
   238   189     6
   210   186     3
   244   262    18
   217   232    18
   333   294    16