   211   291    26
   211   276    33
   216   279    25
   212   285    25
   214   311    27
   207   287    24
   200   301    31
   213   277    35
   193   309    28
   219   252    25
   195   294    26
   192   300    25
   186   293    23
   215   287    39
   198   303    25
   208   307    23
   213   313    20
   220   288    39
   205   286    24
   289   330    25
   313   322    28
   200   337    29
   183   283    24
   186   319    30
   189   268    31
   304   291    29
   213   252    28
   202   245    27
   281   324    43
   194   297    37
   308   316    23
   245   301    18
   189   285    23
   310   275    31
   194   258    33
   188   268    34
   179   306    21
   182   319    23
   218   281    25
   196   294    40
   202   264    34
   334   260    25
   186   265    35
   187   300    42
   214   305    17
   169   295    28
   320   269    31
   307   331    43
   326   269    29
   191   231    23
   216   296    41
   175   334    22
   173   250    31
   277   192    30
   279   190    29
   303   220    32
   312   321    28
   307   237    37
   321   275    25
   278   222    39
   311   315    23
   283   187    27
   261   187    28
   244   301    18
   308   327    25
   264   182    23
   149   289    35
   262   180    21
   212   284    25
   351   193    17
   177   290    24
   300   303    25
   352   228    14
   367   207    12
   197   345    13
   377   220    11
   212   235    27
   123   227    16
   255   196    32
   214   335    10
   318   341    18
   376   228    14
   377   227    13
   166   358    14
   376   225    13
   378   229    13
   329   328    26
   378   221    11
   201   351    11
   306   356    28
   252   197    33
   332   185    21
   343   189    18
   261   186    27
   378   222    11
   308   326    25
   366   206    12
   213   338    10
   381   219     8
   352   229    15
   312   316    23
   155   187    17
   208   256    34
   212   293    37
   187   266    34
   280   332    41
   121   230    15
   244   303    19
   116   285    17
   370   209    11
   216   306    17
   252   198    33
   302   323    25
   132   215    17
   378   237    15
   376   225    13
   122   231    16
   285   187    27
   342   301    24
   306   334    32
   189   295    23
   288   327    23
   215   331    10
   208   297    37