   211   292    26
   211   277    33
   216   281    25
   212   287    25
   214   313    27
   207   289    24
   200   303    31
   212   278    35
   194   310    28
   218   253    25
   195   296    26
   191   301    25
   186   294    23
   215   288    39
   198   305    25
   208   309    23
   213   314    20
   219   289    39
   206   288    24
   289   331    25
   313   323    28
   201   338    29
   183   285    24
   186   321    30
   189   270    31
   305   290    29
   214   254    28
   202   247    27
   281   325    43
   194   299    37
   308   317    23
   246   301    18
   190   287    23
   310   277    31
   193   258    33
   188   270    34
   180   307    21
   182   321    23
   216   281    25
   197   295    40
   203   266    34
   335   260    25
   186   267    35
   187   301    42
   213   306    17
   170   297    28
   320   271    31
   307   330    43
   326   271    29
   190   231    23
   215   295    41
   176   334    22
   173   252    31
   277   193    30
   279   191    29
   302   221    32
   313   323    28
   306   237    37
   323   276    25
   278   223    39
   310   314    23
   284   187    27
   262   187    28
   246   301    18
   309   329    25
   264   183    24
   149   291    35
   262   181    22
   213   287    25
   351   194    17
   175   291    25
   302   305    25
   352   227    14
   368   208    12
   198   346    12
   377   221    11
   212   233    27
   123   228    16
   253   197    32
   213   336    10
   317   342    19
   377   229    13
   378   227    12
   166   358    13
   376   227    13
   378   231    13
   327   327    26
   378   223    11
   200   352    10
   305   354    27
   250   199    33
   334   187    21
   345   191    18
   263   185    26
   377   221    11
   309   329    25
   368   208    12
   213   336    10
   380   218     8
   353   227    14
   310   314    23
   154   190    18
   205   256    34
   212   297    37
   188   270    34
   280   329    42
   122   228    15
   246   301    18
   116   289    17
   368   208    12
   213   306    17
   250   201    34
   302   327    25
   134   213    17
   378   241    15
   376   229    13
   123   228    16
   282   189    28
   339   304    24
   308   338    33
   185   295    23
   289   331    25
   213   336    10
   212   297    37