   204   206     9
   227   340    20
   326   320    22
   237   328    23
   202   293    25
   329   299    26
   250   263    27
   232   270    35
   246   267    37
   281   211    38
   312   231    38
   313   232    38
   329   315    38
   230   266    39
   271   223    42
   241   277    42
   230   298    42
   254   286    43
   328   276    44
   340   269    46
   316   318    47
   322   269    49
   309   315    10
   247   233    18
   217   311    20
   300   328    24
   291   202    30
   289   203    31
   289   209    32
   318   282    33
   232   328    33
   318   280    34
   333   263    35
   207   302    35
   205   303    36
   316   305    37
   231   299    38
   323   277    39
   257   289    40
   283   224    42
   328   317    42
   286   228    43
   337   263    44
   235   261    47
   242   292    48
   275   287    49
   242   288    51
   329   336     7
   310   316    10
   266   284    11
   238   205    12
   239   294    27
   283   209    31
   282   210    32
   290   204    33
   288   208    35
   313   275    35
   284   212    38
   321   279    39
   270   223    42
   284   224    42
   240   269    42
   341   271    46
   337   281    48
   336   282    48
   329   270    34
   217   288    34
   319   258    38
   227   270    38
   221   272    40
   325   258    36
   231   270    44
   239   312    44
   253   290    24
   269   294    30
   223   300    36