   202   208     9
   227   338    21
   326   321    23
   236   330    23
   202   295    26
   329   300    27
   248   263    28
   233   271    35
   245   269    37
   282   212    38
   311   231    38
   312   233    38
   330   316    39
   230   268    39
   270   223    42
   240   278    42
   230   300    42
   254   287    43
   328   277    44
   339   270    46
   316   317    47
   323   270    49
   310   317    10
   245   234    18
   217   314    20
   301   327    23
   290   203    30
   288   204    31
   287   208    32
   316   283    33
   233   328    33
   318   281    34
   332   265    35
   207   304    36
   207   304    36
   317   306    37
   231   300    38
   323   278    39
   256   291    40
   284   225    42
   327   317    43
   286   229    43
   336   263    44
   233   261    46
   242   293    48
   274   287    49
   242   289    51
   329   337     8
   310   317    10
   267   283    11
   236   206    12
   238   295    28
   281   211    32
   281   211    32
   289   206    34
   287   208    35
   312   276    35
   283   212    38
   323   278    39
   268   224    42
   285   225    42
   241   270    42
   341   269    46
   336   283    48
   336   283    48
   329   268    34
   215   288    34
   319   260    38
   225   270    38
   221   274    40
   323   260    36
   231   272    44
   239   314    44
   251   292    24
   267   296    30
   223   302    36