   224   295    27
   207   286    23
   235   294    36
   214   303    29
   235   293    37
   233   296    37
   220   263    21
   236   293    36
   210   312    28
   226   303    37
   211   302    21
   283   316    23
   212   301    20
   177   293    26
   214   285    22
   211   295    19
   200   302    19
   315   289    21
   203   276    19
   321   295    22
   195   260    22
   195   258    22
   194   293    24
   320   283    23
   240   279    22
   189   264    29
   197   242    26
   321   311    21
   176   255    30
   204   238    25
   328   290    29
   200   231    27
   196   279    18
   182   263    22
   190   281    18
   198   234    26
   308   261    39
   198   303    18
   203   231    31
   188   297    18
   324   310    22
   186   257    18
   191   232    27
   196   249    18
   188   275    16
   335   298    17
   199   285    17
   306   250    25
   287   295    10
   225   304    37
   197   233    26
   177   259    17
   318   302    13
   313   278    14
   313   310    13
   322   304    12
   195   221    26
   162   249    22
   194   225    28
   189   267    19
   343   255    25
   312   313    19
   180   304    17
   318   285    17
   216   313    22
   297   296     8
   289   294    10
   318   239    30
   178   238    18
   224   293    23
   329   266    24
   240   289    34
   203   273    20
   203   210    39
   319   273    33
   310   217    32
   312   217    30
   195   256    22
   345   236    23
   247   185    30
   250   184    30
   248   184    29
   317   289    18
   249   183    28
   327   219    24
   320   274    32
   251   182    28
   175   228    21
   282   294    40
   234   295    36
   309   295    12
   252   181    25
   345   261    19
   289   304    10
   234   275     4
   253   181    26
   253   180    25
   161   242    32
   316   289    18
   251   181    25
   318   284    14
   252   182    28
   254   181    27
   360   294    12
   307   296    11
   318   287    13
   177   237    18
   284   296     9
   212   262    22
   206   171    12
   131   199     9
   330   305    20
   183   262    18
   378   185     9
   194   243    18
   329   309    33
   387   203    10
   198   253    18
   190   231    28
   174   225    22
   317   244    25
   130   200     9
   186   237    20
   386   200    10
   316   245    25
   198   165    10
   202   216    26
   209   277    14
   135   189     9
   140   177     8
   334   275    28
   315   246    25
   184   263    18
   385   198    10
   348   261    24