   224   296    27
   207   287    23
   235   295    36
   214   304    29
   235   294    37
   233   297    37
   220   264    21
   237   293    35
   210   313    28
   227   303    37
   211   302    20
   283   315    23
   211   302    20
   177   294    26
   214   287    22
   210   295    19
   200   303    19
   315   289    22
   203   276    20
   320   295    22
   194   261    22
   194   259    22
   194   295    24
   319   283    24
   242   279    22
   189   266    29
   196   243    26
   320   312    22
   175   256    30
   203   239    25
   328   289    30
   200   232    27
   196   281    18
   182   265    22
   190   283    18
   197   235    26
   308   261    40
   198   305    18
   202   232    31
   188   299    18
   325   309    23
   186   259    18
   190   233    27
   196   251    18
   188   277    16
   336   298    18
   200   287    17
   307   250    26
   288   296    10
   227   303    37
   197   235    26
   177   261    17
   319   303    14
   314   278    15
   313   312    13
   323   305    13
   194   222    26
   162   251    22
   194   227    28
   187   268    19
   343   255    26
   314   313    20
   180   306    18
   317   284    18
   214   312    22
   297   298     8
   288   296    10
   318   241    30
   178   240    19
   224   296    23
   328   268    25
   238   291    34
   203   276    20
   202   211    39
   321   272    33
   310   219    32
   312   219    30
   194   259    22
   346   236    24
   246   186    30
   249   185    30
   247   185    29
   317   292    18
   248   184    28
   326   220    25
   321   272    33
   250   183    28
   175   231    21
   284   296    40
   236   293    36
   309   298    12
   252   181    26
   347   261    20
   291   306    10
   234   274     5
   252   182    27
   252   181    26
   163   244    32
   317   292    18
   252   181    26
   319   287    14
   250   183    28
   252   182    27
   360   292    13
   309   298    12
   320   289    14
   178   240    19
   285   299    10
   214   265    22
   205   172    13
   132   201    10
   332   305    18
   180   262    18
   378   186     9
   194   247    18
   329   306    34
   386   203    11
   196   251    18
   188   229    28
   174   229    22
   319   247    25
   132   201    10
   184   235    20
   386   203    11
   319   247    25
   200   167    11
   202   213    26
   208   274    15
   135   194    10
   140   181    10
   336   279    28
   319   247    25
   180   262    18
   386   203    11
   348   257    24