   332   173    10
   338   175    14
   200   303    16
   350   261    18
   298   291    20
   301   293    25
   309   183    27
   221   199    29
   313   240    30
   219   223    32
   228   195    33
   202   260    35
   223   255    37
   198   278    38
   305   245    43
   349   173     9
   384   208     9
   178   168    11
   293   270    16
   308   309    16
   327   167    17
   319   168    18
   317   169    18
   211   206    19
   303   171    20
   164   253    20
   213   198    22
   198   210    22
   305   296    24
   215   249    25
   298   284    25
   299   285    25
   300   286    25
   295   280    30
   200   251    33
   225   254    36
   210   275    36
   207   277    36
   206   278    36
   356   294    36
   267   192    37
   247   267    37
   355   293    37
   224   234    38
   316   281    39
   307   269    40
   219   252    44
   304   245    45
   285   312     7
   352   177     9
   364   186    10
   365   187    10
   375   200    10
   340   176    15
   292   270    16
   333   170    17
   197   303    19
   198   188    20
   211   278    20
   299   171    21
   181   257    22
   311   267    22
   310   268    22
   301   265    25
   299   266    25
   210   276    25
   311   244    27
   310   245    27
   240   275    31
   352   237    40
   234   223    43
   316   280    44
   295   314    16
   317   276    20
   333   284    20
   303   294    20
   235   270    32
   193   240    34
   219   232    38
   187   170    12
   325   168    18
   337   270    20
   313   280    20
   305   302    22
   297   276    24
   299   290    24
   199   240    26
   363   186    10
   205   288    22