   335   173    10
   337   175    14
   201   302    17
   351   259    18
   299   292    20
   301   292    26
   309   182    27
   222   199    29
   312   241    31
   218   225    32
   230   193    33
   201   261    35
   223   256    37
   196   280    38
   306   246    43
   348   173     9
   383   208    10
   179   168    11
   293   272    17
   309   309    16
   328   168    17
   319   169    18
   319   169    18
   213   207    20
   304   171    20
   165   255    21
   214   200    23
   198   209    22
   305   297    25
   215   250    26
   300   285    26
   300   285    26
   300   285    26
   296   280    31
   199   252    33
   226   254    36
   208   276    36
   208   276    36
   208   276    36
   355   295    36
   268   192    37
   246   267    37
   355   295    36
   223   235    38
   315   281    39
   307   270    41
   218   252    44
   305   245    45
   284   312     7
   351   176     9
   363   185    10
   363   185    10
   374   198    10
   338   175    15
   293   272    17
   331   170    17
   197   304    20
   197   188    21
   210   280    20
   300   171    21
   182   259    23
   312   268    22
   312   268    22
   299   267    26
   299   267    26
   209   278    26
   310   243    28
   310   243    28
   239   276    32
   351   237    40
   235   222    43
   315   279    44
   297   316    16
   317   278    20
   335   286    20
   305   296    20
   235   270    34
   195   242    34
   219   230    38
   189   170    12
   327   170    18
   339   270    20
   315   280    20
   307   302    22
   299   278    24
   299   288    26
   199   238    26
   361   184    10
   205   290    22

