   286   295    35
   286   300    33
   287   273    27
   230   275    29
   298   291    18
   242   280    29
   207   275    30
   309   275    22
   312   277    22
   342   303    20
   205   279    22
   201   277    20
   235   290     3
   305   267    33
   241   281    29
   184   279    18
   196   242    42
   220   190    28
   334   312    19
   313   278    22
   214   275    19
   344   301    20
   297   262    35
   160   205    14
   344   301    20
   335   311    19
   303   245    33
   306   271    22
   344   200    22
   310   279    28
   305   316    17
   288   301    32