   287   296    35
   287   301    33
   288   274    27
   230   276    29
   298   293    18
   241   282    29
   207   276    31
   310   277    22
   310   277    22
   340   305    20
   205   281    22
   201   279    21
   235   291     4
   306   270    33
   240   284    28
   184   281    20
   194   244    42
   219   190    28
   330   314    19
   310   277    22
   214   279    20
   340   305    20
   300   264    35
   158   207    14
   340   305    20
   330   314    19
   303   250    33
   308   275    22
   346   205    22
   312   283    28
   309   317    17
   288   305    30