   248   275    36
   245   274    38
   282   263    31
   247   274    38
   287   266    33
   213   245    37
   234   247    43
   228   265    42
   237   249    39
   277   261    30
   212   238    34
   212   283    29
   303   264    40
   293   266    31
   220   252    24
   293   243    40
   303   252    40
   232   259    22
   201   224    27
   236   273    25
   209   214    33
   185   233    30
   197   220    27
   286   233    35
   290   226    29
   213   207    34
   307   236    29
   214   241    22
   209   206    27
   311   270    23
   210   207    26
   198   221    27
   210   198    34
   199   206    25
   220   284    40
   215   241    22
   312   261    25
   193   227    27
   291   249    21
   194   197    24
   209   205    26
   220   181    25
   189   191    23
   205   217    27
   220   182    25
   340   259    47
   201   211    24
   303   272    19
   244   163    34
   219   183    25
   193   226    27
   221   180    24
   215   209    32
   221   250    25
   234   250    44
   263   150    22
   225   269    18
   217   261    22
   216   274    30
   283   247    26
   315   244    20
   256   164    24
   288   150    19
   213   281    29
   198   205    25
   313   225    28
   299   270    17
   261   152    23
   327   206    20
   293   281    25
   281   261     6
   293   213    29
   363   203     8
   250   157    31
   226   181    24
   365   205     8
   325   200    25
   233   249    44
   325   261    16
   307   255    37
   313   273    23
   265   151    22
   213   255    24
   215   257    24
   197   228    17
   254   167    25