   247   276    37
   245   276    38
   283   264    31
   246   276    38
   288   268    33
   213   246    37
   234   248    43
   228   267    43
   237   251    40
   277   261    29
   212   240    34
   213   285    30
   304   264    41
   294   268    32
   220   254    25
   294   244    40
   304   252    40
   233   260    21
   201   226    27
   236   276    26
   209   216    33
   185   235    30
   197   222    27
   288   234    35
   291   228    30
   213   209    34
   308   238    30
   214   244    22
   209   207    27
   310   272    24
   210   208    26
   197   222    27
   210   199    34
   199   207    25
   219   287    40
   214   244    22
   314   261    25
   195   229    27
   291   252    22
   194   198    24
   210   208    26
   220   183    25
   189   193    23
   204   217    27
   220   183    25
   339   261    47
   203   213    24
   302   275    20
   244   165    34
   220   183    25
   195   229    27
   220   183    25
   215   213    32
   220   254    25
   234   248    43
   263   152    23
   225   273    18
   216   265    22
   216   278    31
   286   247    26
   315   248    21
   255   164    25
   288   151    20
   213   285    30
   197   204    25
   313   229    28
   299   274    18
   263   152    23
   328   210    21
   292   285    26
   281   265     8
   296   212    29
   363   207    10
   252   156    30
   227   179    24
   363   207    10
   327   198    25
   234   246    44
   323   265    18
   307   252    36
   310   272    24
   269   151    22
   213   261    24
   215   263    24
   197   235    18
   255   164    25