   269   291    43
   291   278    29
   267   288    44
   270   295    41
   290   258    24
   290   257    43
   235   261    22
   298   291    32
   232   261    43
   307   268    20
   307   273    21
   267   280    46
   308   262    19
   215   257    23
   315   259    22
   192   257    35
   302   243    31
   194   263    25
   215   252    41
   289   257    42
   312   267    20
   303   259    43
   233   254    56
   190   259    36
   186   265    38
   191   256    35
   194   277    19
   315   258    22
   314   237    34
   204   216    37
   178   284    29
   211   252    48
   206   263    20
   205   216    37
   194   241    37
   201   215    35
   303   250    45
   292   279    28
   214   221    52
   187   234    29
   250   182    37
   249   183    38
   300   275    44
   251   181    37
   205   213    38
   195   287    18
   289   250    42
   304   289    32
   320   223    42
   250   189    38
   182   297    28
   251   188    38
   258   171    31
   295   273    23
   332   271    24
   212   263    22
   159   243    19
   158   269    20
   259   171    31
   269   174    32
   361   234     4
   235   170    27
   256   173    32
   235   171    27
   225   168    23
   362   236     3
   262   181    33
   362   235     4
   220   273     8
   200   278    29
   186   263    50
   316   171    15
   252   180    36
   166   245    20
   360   233     4
   360   233     4
   173   173    11
   250   169    28
   160   269    20
   244   186    40
   330   229    30
   235   243    52
   174   229    28
   352   213     4
   206   261    20
   363   238     4
   196   215    28
   326   178    13
   290   255    32
   348   207     4
   180   297    26
   306   291    20
   166   211    26
   364   239     4
   176   171    11
   364   239     4