   269   292    43
   292   279    29
   267   289    44
   271   296    41
   291   259    25
   291   258    43
   235   262    22
   299   292    33
   231   261    43
   307   269    20
   308   274    21
   267   282    46
   309   262    19
   215   258    23
   315   260    23
   192   258    35
   304   243    31
   195   263    26
   214   253    42
   291   258    43
   312   269    20
   305   260    43
   233   255    56
   190   261    36
   186   267    38
   192   258    35
   194   278    20
   315   260    23
   316   237    34
   205   217    37
   178   283    30
   211   254    49
   206   265    20
   205   217    37
   194   243    38
   201   216    35
   305   251    46
   294   281    28
   215   221    52
   188   233    29
   251   183    37
   250   184    38
   302   277    44
   252   182    37
   205   215    38
   196   289    18
   291   252    43
   306   291    32
   320   225    42
   252   189    38
   182   295    28
   253   188    38
   259   172    31
   296   271    24
   330   271    24
   210   263    22
   159   243    20
   158   271    20
   259   172    31
   271   174    32
   362   235     5
   237   171    27
   256   175    32
   237   171    27
   225   169    23
   362   235     4
   261   182    34
   362   235     6
   220   275    10
   201   281    29
   184   265    50
   317   170    15
   254   179    35
   166   243    20
   362   235     5
   362   235     5
   174   173    11
   249   169    27
   158   271    20
   244   189    41
   332   227    30
   234   241    51
   176   227    28
   350   211     4
   206   265    20
   362   235     4
   198   219    28
   324   176    13
   294   255    32
   350   211     4
   182   295    28
   308   295    20
   170   209    26
   362   235     4
   181   171    12
   362   235     5