   247   169    90
   246   173    92
   244   177    95
   241   183    99
   168    48   123
   172   200   135
   171   199   136
   119    42   137
   138    34   188
   159    45   193
   171    68   222
   111   146   222
   117   136   223
   166   136   230
   166   135   231
   122    84   233
   118    97   237
   117   101   241
   117   108   244
   125    76   245
   119    87   246
   183   194   145
   135    34   187
   120   132   226
   109   128   293
   156   195   143
   101    50   172
    97    52   176
    96    53   177
   124   117   240
   123   117   241
   107   152   275
   107   150   277
   154   113   290
   109   128   292
   116    91   294
   114    97   294
   116    92   295
   125   126   232
   127   114   270
   209   224   118
   207   224   120
   155   220    74
   183    56   108
   189    60   108
   191    62   108
   175   210   142
    81    64   102
   177   204   146
   149   152   182
   125    44   114
   133   136   178
   181   220   106