   246   170    90
   245   174    92
   243   178    95
   240   184    99
   168    49   124
   173   200   139
   173   200   139
   118    43   138
   137    33   190
   158    44   195
   170    69   224
   111   146   225
   118   136   225
   166   138   233
   166   138   233
   122    86   235
   118   100   238
   117   101   242
   117   108   246
   126    76   245
   120    89   247
   183   195   149
   135    33   190
   120   133   229
   109   126   292
   155   195   147
   100    51   176
    97    53   179
    97    53   179
   124   118   243
   124   118   243
   107   152   274
   107   149   277
   154   114   289
   109   126   292
   116    92   294
   114    97   293
   116    92   294
   125   128   234
   127   116   270
   207   222   120
   207   222   120
   155   220    78
   183    58   112
   189    62   112
   189    62   112
   175   210   146
    81    64   106
   177   204   150
   149   152   186
   125    44   118
   133   136   182
   181   220   110