   215   265    35
   215   220    30
   233   268    36
   227   235    22
   213   206    26
   205   244    34
   196   231    30
   237   264    38
   231   261    38
   207   198    26
   223   194    26
   227   198    22
   201   249    37
   219   254    38
   235   266    36
   213   227    22
   195   230    30
   309   264    35
   225   250    40
   216   266    35
   239   197    20
   205   213    30
   215   242    40
   210   186    30
   217   236    40
   326   267    33
   219   182    32
   211   185    30
   214   272    21
   230   191    40
   215   198    25
   326   257    36
   236   183    39
   169   182    18
   171   175    18
   211   143    20
   271   154    32
   325   264    34
   231   190    40
   180   164    19
   278   143    27
   187   158    20
   189   156    20
   321   304    17
   277   142    26
   309   307    18
   365   238    30
   347   246    36
   277   137    21
   181   224    37
   215   200    22
   356   179    31
   339   310    16
   239   194    20
   207   196    26
   361   294    18
   159   196    16
   211   198    30
   226   232    22
   314   298    44
   199   266    30
   356   297    18
   339   256    34
   185   160    20
   317   326    12
   315   324    14
   230   234    21
   239   282    30
   191   244    22
   213   262    36
   240   194    20
   329   294    36
   181   162    19
   383   236    26
   335   288    34
   211   220    28
   321   313    22
   407   212    10
   179   294    12
   240   188    20
   335   250    34
   217   245    22
   210   203    29