   214   266    36
   215   222    30
   231   268    36
   227   236    22
   213   208    26
   205   246    34
   195   232    31
   235   264    38
   229   261    38
   207   200    26
   223   196    26
   227   200    22
   202   250    37
   217   254    38
   233   267    37
   212   228    23
   195   232    31
   309   264    36
   223   250    40
   214   266    36
   239   199    20
   206   215    30
   215   244    40
   210   187    31
   217   238    40
   326   267    34
   219   184    32
   210   187    31
   214   274    21
   229   191    40
   213   199    24
   325   257    37
   237   183    39
   169   184    18
   171   176    18
   211   144    20
   271   155    32
   327   264    34
   229   191    40
   178   166    19
   278   144    27
   185   160    20
   187   158    20
   320   304    17
   278   142    26
   308   306    18
   365   240    30
   345   246    36
   278   137    21
   181   222    37
   215   204    22
   355   179    31
   339   312    16
   239   198    20
   207   200    26
   363   294    18
   159   200    16
   211   202    30
   227   236    22
   314   295    45
   199   270    30
   354   297    19
   341   256    36
   183   164    20
   317   326    14
   317   326    14
   227   234    22
   237   284    28
   193   246    24
   214   266    36
   239   199    20
   331   292    38
   178   166    19
   383   240    26
   335   292    34
   213   224    28
   318   312    23
   405   212    12
   179   298    14
   241   185    20
   335   246    34
   214   243    23
   212   200    30