   286   312    31
   302   287    25
   306   302    27
   318   292    27
   221   282    34
   284   311    31
   309   311    24
   284   307    35
   317   291    28
   308   304    24
   334   306    20
   315   260    32
   333   305    20
   327   287    20
   304   298    26
   284   305    36
   315   287    21
   339   286    32
   318   303    26
   207   266    30
   213   255    30
   208   257    33
   319   305    19
   193   260    26
   207   293    20
   301   314    13
   316   292    38
   203   295    27
   193   291    34
   298   241    38
   336   292    18
   324   276    35
   205   274    31
   167   291    24
   226   257    30
   292   309    10
   221   252    32
   224   255    30
   198   257    28
   201   287    30
   194   289    35
   212   253    38
   225   254    30
   206   235    32
   206   285    24
   210   285    22
   317   287    20
   320   250    30
   197   268    26
   323   303    15
   202   301    18
   168   317    24
   160   297    29
   214   240    32
   348   303    14
   328   246    44
   330   297    18
   334   290    19
   191   266    24
   285   180    26
   173   269    20
   390   204     7
   391   204     6
   308   233    30
   386   196     6
   212   235    32
   311   308    19
   163   249    22
   296   266    40
   389   200     6
   324   168    21
   374   182    10
   345   169    18
   392   207     7
   372   181    12
   373   182    11
   146   199    14
   307   244    35
   346   171    18
   344   169    18
   374   181    10
   387   197     6
   334   291    19
   215   241    32
   269   189    30
   332   281    18
   272   189    30
   390   225    12
   390   201     6
   309   293    25
   393   227    11
   141   207    15
   318   301    20
   330   261    27
   390   206     8
   390   207     8
   335   291    19
   307   263    34
   347   170    18
   190   264    24
   196   265    26