   285   312    31
   302   287    26
   306   303    28
   318   292    28
   221   283    34
   285   312    31
   309   312    25
   285   308    35
   318   292    28
   307   305    25
   334   305    20
   315   261    32
   334   305    20
   327   287    19
   304   300    26
   284   307    36
   315   286    20
   338   287    32
   318   305    26
   206   267    30
   212   256    30
   207   258    33
   318   304    18
   193   261    26
   207   293    19
   301   315    13
   316   294    38
   203   297    27
   193   293    34
   299   242    38
   335   291    17
   323   278    35
   203   274    31
   167   291    25
   224   257    30
   292   310    10
   220   254    32
   222   255    30
   198   259    28
   203   287    30
   193   291    35
   210   253    38
   223   255    30
   206   237    32
   205   287    24
   208   285    22
   315   286    20
   319   252    30
   196   270    26
   325   304    15
   204   301    18
   166   317    24
   162   297    29
   213   238    32
   349   305    13
   326   245    44
   328   295    18
   332   288    19
   191   269    24
   287   180    26
   175   271    20
   391   205     7
   391   205     7
   309   236    30
   386   197     7
   210   233    32
   309   309    17
   163   252    22
   295   269    41
   388   200     7
   322   168    21
   375   184    11
   343   168    18
   391   205     7
   374   183    12
   375   184    11
   148   197    14
   309   247    35
   344   169    18
   342   167    18
   375   184    11
   388   200     7
   332   288    19
   213   238    32
   273   189    30
   332   277    18
   276   189    30
   390   221    12
   391   205     7
   309   297    26
   392   223    11
   144   204    15
   314   301    20
   326   262    27
   388   202     8
   388   203     8
   332   288    19
   305   267    35
   343   168    18
   191   269    24
   196   270    26