   308   262    19
   306   272    22
   194   263    25
   323   222    26
   342   213    27
   187   234    29
   207   273    30
   302   243    31
   203   200    35
   253   186    37
   176   277    37
   205   213    38
   285   304    39
   268   295    40
   335   260    42
   303   259    43
   339   261    43
   149   239    18
   307   268    20
   281   280    20
   301   280    20
   178   271    21
   300   278    21
   177   261    22
   288   275    22
   299   262    23
   170   299    26
   328   225    28
   186   234    29
   166   274    29
   155   214    33
   194   200    35
   201   215    35
   192   257    35
   253   180    36
   204   216    37
   227   265    37
   161   276    37
   163   276    37
   252   187    38
   250   189    38
   174   274    38
   228   262    41
   195   247    42
   285   219    43
   290   257    43
   344   259    43
   232   261    43
   299   255    45
   301   254    46
   301   264    46
   232   233    48
   327   250    48
   295   278    48
   214   222    52
   231   256    58
   326   178    13
   195   287    18
   227   269    24
   235   171    27
   178   284    29
   269   174    32
   343   248    33
   166   244    34
   191   256    35
   252   180    36
   205   216    37
   174   217    40
   284   209    41
   227   262    41
   268   288    44
   196   250    46
   267   280    46
   211   252    48
   197   240    50
   201   248    50
   283   262    51
   230   257    58
   229   258    59
   166   245    20
   160   269    20
   292   279    28
   314   237    34
   190   259    36
   320   223    42
   362   235     4
   158   269    20
   212   263    22
   174   229    28
   182   297    28
   192   251    38
   186   265    38
   300   275    44
   186   263    50
   206   263    20
   312   267    20
   250   181    36
   250   175    32