   309   262    19
   306   273    22
   195   263    26
   323   220    26
   341   212    27
   188   233    29
   207   274    31
   304   243    31
   203   202    35
   254   187    37
   175   278    37
   205   215    38
   286   303    40
   269   296    40
   337   261    43
   305   260    43
   337   261    43
   148   239    18
   307   269    20
   280   279    19
   302   281    20
   178   274    21
   301   279    21
   178   262    22
   287   276    22
   300   263    23
   169   298    27
   328   224    28
   188   233    29
   167   273    30
   155   215    33
   194   202    35
   201   216    35
   192   258    35
   254   181    36
   205   217    37
   226   266    37
   161   277    37
   161   277    37
   253   188    38
   252   189    38
   175   274    38
   227   263    41
   196   248    42
   288   221    43
   291   258    43
   343   260    43
   231   261    43
   301   255    46
   301   255    46
   302   266    47
   232   234    48
   326   250    48
   295   279    48
   215   221    52
   231   257    58
   325   177    13
   196   289    18
   226   269    24
   237   171    27
   178   283    30
   271   174    32
   342   248    33
   166   245    34
   192   258    35
   253   181    36
   205   217    37
   175   218    40
   285   210    41
   227   263    41
   268   287    45
   195   252    47
   267   282    46
   211   254    49
   196   240    50
   201   249    50
   284   263    51
   231   257    58
   230   258    59
   166   243    20
   158   271    20
   294   281    28
   316   237    34
   190   261    36
   320   225    42
   362   235     6
   158   271    20
   210   263    22
   176   227    28
   182   295    28
   190   251    38
   186   267    38
   302   277    44
   184   265    50
   206   265    20
   312   269    20
   250   183    36
   254   175    32