   285   347    21
   198   310    22
   191   231    23
   311   315    23
   312   316    23
   183   283    24
   219   252    25
   334   260    25
   321   275    25
   158   221    26
   211   291    26
   322   312    26
   212   235    27
   193   309    28
   200   337    29
   320   269    31
   303   220    32
   210   242    33
   149   289    35
   307   237    37
   213   286    37
   206   275    38
   220   288    39
   204   327    39
   169   268    40
   212   298    40
   187   300    42
   307   331    43
   376   219    11
   377   220    11
   378   222    11
   197   345    13
   352   228    14
   211   317    16
   155   187    17
   214   305    17
   294   327    20
   189   285    23
   207   287    24
   289   330    25
   345   259    26
   329   328    26
   169   295    28
   306   288    30
   173   250    31
   189   268    31
   254   197    32
   212   276    35
   247   207    36
   318   314    37
   205   289    44
   214   334    10
   359   198    15
   120   244    17
   119   246    17
   340   188    20
   213   313    20
   205   286    24
   195   294    26
   304   296    28
   305   297    28
   312   321    28
   277   192    30
   186   319    30
   333   243    31
   203   265    32
   204   266    32
   193   257    33
   194   258    33
   209   255    34
   187   266    34
   188   268    34
   213   277    35
   246   207    36
   193   284    37
   242   214    38
   241   215    38
   196   294    40
   312   282    41
   216   296    41
   350   231    15
   208   307    23
   184   319    23
   218   281    25
   212   285    25
   214   311    27
   324   261    31
   200   301    31
   378   221    11
   208   325    13
   204   307    19
   182   319    23
   216   279    25
   202   245    27
   326   269    29
   310   275    31
   188   267    35
   376   225    13
   332   185    21
   196   303    25
   186   265    35
   214   293    37
   194   297    37
   296   293    47
   116   285    17