   286   347    20
   199   310    22
   190   231    23
   310   314    23
   310   314    23
   183   285    24
   218   253    25
   335   260    25
   323   276    25
   157   221    26
   211   292    26
   321   311    27
   212   233    27
   194   310    28
   201   338    29
   320   271    31
   302   221    32
   210   243    33
   149   291    35
   306   237    37
   213   287    37
   206   276    38
   219   289    39
   204   328    39
   170   270    40
   212   299    40
   187   301    42
   307   330    43
   376   220    11
   376   220    11
   376   220    11
   198   346    12
   352   227    14
   210   316    16
   154   190    18
   213   306    17
   295   328    21
   190   287    23
   207   289    24
   289   331    25
   344   260    26
   327   327    26
   170   297    28
   307   288    30
   173   252    31
   189   270    31
   253   199    33
   212   278    35
   246   208    36
   318   312    37
   205   290    44
   213   336    10
   360   199    15
   120   245    17
   120   245    17
   340   189    20
   213   314    20
   206   288    24
   195   296    26
   306   298    28
   306   298    28
   313   323    28
   277   193    30
   186   321    30
   332   243    31
   204   267    32
   204   267    32
   193   258    33
   193   258    33
   209   254    35
   188   270    34
   188   270    34
   212   278    35
   246   208    36
   193   285    37
   242   215    38
   241   216    38
   197   295    40
   312   283    41
   215   295    41
   350   233    15
   208   309    23
   184   321    23
   216   281    25
   212   287    25
   214   313    27
   324   263    31
   200   303    31
   378   223    11
   206   325    13
   204   309    19
   182   321    23
   216   281    25
   202   247    27
   326   271    29
   310   277    31
   188   269    35
   376   227    13
   330   185    21
   198   305    25
   186   267    35
   214   295    37
   194   299    37
   296   295    47
   116   289    17