   303   198    61
   307   201    61
   308   202    61
   301   197    62
   285   327    66
   230   335    76
   193   258    78
   213   284    81
   209   322    92
   293   288    59
   320   218    61
   242   306    62
   214   289    77
   223   203    78
   214   290    78
   279   321    85
   227   215    89
   220   329    89
   301   266    97
   302   267    97
   211   281    97
   316   304    62
   220   201    74
   221   202    76
   226   209    85
   217   279    92
   209   317    96
   210   318    96
   270   287   102
   271   288   102
   269   282   103
   299   298    66
   291   284    74
   227   218    90
   239   292   100
   265   272   104
   181   206    52
   281   324    84
   293   290    60
   243   314    88
   225   218    90
   205   314    96
   279   306    98