   302   198    62
   307   202    62
   307   202    62
   302   198    62
   285   327    67
   229   334    78
   193   258    79
   215   285    81
   207   320    93
   292   289    61
   321   221    62
   242   306    64
   212   289    79
   223   204    78
   212   289    79
   279   320    86
   226   216    89
   221   329    89
   300   265    98
   300   265    98
   210   282    98
   315   302    64
   220   202    74
   221   203    76
   225   211    86
   217   279    94
   208   316    96
   208   316    96
   272   288   103
   272   288   103
   270   282   104
   299   298    68
   291   282    76
   225   218    90
   237   292   102
   267   274   104
   179   208    52
   281   322    86
   293   290    62
   243   312    88
   223   220    90
   205   312    96
   279   304   100