   281   300    23
   294   305    22
   298   307    20
   294   304    22
   218   302    24
   300   300    20
   224   294    20
   308   294    28
   292   290    23
   305   322    21
   302   281    37
   312   282    28
   312   292    30
   207   310    23
   202   318    22
   224   289    19
   286   312    30
   218   267    29
   316   274    30
   202   302    24
   328   300    20
   279   311     9
   210   268    26
   312   296    20
   225   292    21
   276   278    12
   293   317    17
   314   276    30
   188   284    28
   278   310     9
   310   290    18
   276   277    12
   298   249    44
   295   314    28
   289   307    27
   220   332     6
   222   312    11
   219   332     6
   223   319     9
   257   204    31
   212   222    26
   223   254    15
   299   252    45
   171   345    10
   162   338    10
   161   338     9
   282   202    30
   222   326     8
   294   314    28
   312   294    22
   341   224    21
   368   249     9
   220   300    20
   302   334    28
   166   340    10
   362   230    10
   277   308     9
   160   337     9
   363   231    10
   238   262    12
   308   294    38
   237   270    11
   277   281    12
   160   336    10
   282   322     6