   282   301    23
   294   306    22
   298   308    20
   294   306    22
   218   304    24
   300   302    20
   224   296    20
   308   296    28
   294   291    23
   306   323    21
   303   281    37
   312   284    28
   312   294    30
   206   311    24
   202   320    22
   225   291    20
   288   312    30
   217   267    29
   316   276    30
   203   304    25
   328   302    20
   279   312    10
   209   270    26
   314   296    20
   225   291    20
   277   279    13
   292   317    16
   316   276    30
   188   286    28
   279   312    10
   312   290    18
   277   279    13
   298   250    44
   295   317    28
   290   310    26
   221   332     7
   222   311    12
   221   333     7
   223   318    10
   256   204    31
   212   224    26
   221   255    16
   298   250    44
   173   347    10
   164   340    10
   163   340    10
   284   202    30
   222   330     8
   294   318    28
   314   296    20
   343   225    20
   367   250    10
   222   298    20
   302   338    28
   164   340    10
   364   232    10
   279   312    10
   163   340    10
   362   234    11
   238   267    12
   311   296    37
   238   267    12
   279   286    13
   164   340    10
   280   320     8