   192   157    43
   288   270    80
   203   272    80
   323   211    81
   331   254    85
   310   283    86
   304   235    91
   310   240    96
   311   251    98
   197   221    99
   335   240   102
   326   242   102
   209   252   104
   353   237   106
   206   254   106
   204   255   107
   306   225   113
   297   239   114
   228   232   116
   227   233   116
   320   220   119
   224   232   120
   222   232   121
   332   222   123
   199   201   126
   201   197   127
   211   231   132
   223   251   140
   197   158    45
   254   239    50
   335   164    52
   337   165    52
   220   211    72
   289   270    80
   211   208    92
   309   237    94
   300   290    97
   297   284   101
   337   239   104
   334   243   109
   307   229   110
   296   233   110
   306   226   112
   311   226   116
   209   218   121
   220   260   125
   202   197   127
   202   200   128
   287   245   132
   223   250   140
   224   251   140
   345   173    55
   318   158    76
   339   254    82
   334   258    87
   293   272    88
   221   255    91
   292   268    91
   331   240   105
   305   217   108
   297   235   111
   297   254   114
   191   278   123
   209   202   124
   204   199   127
   207   264   127
   296   243   134
   159   221    84
   283   263    90
   277   153    92
   209   211   118
   205   225   130
   203   209    76
   223   273    84
   285   155    90
   321   249   110
   323   249   112
   321   245   118
   225   231   128
   201   279   128
   203   211    78
   215   229   116
   317   245   116
   269   181   118
   323   241   120