   193   158    44
   289   272    81
   202   274    81
   323   213    82
   329   256    86
   310   285    86
   303   235    92
   309   240    97
   309   251    99
   197   222   100
   334   239   103
   324   241   102
   208   252   105
   352   235   106
   205   254   107
   205   254   107
   304   226   113
   296   239   115
   227   233   116
   226   235   115
   319   220   119
   222   233   121
   222   233   121
   331   222   123
   199   203   126
   200   197   127
   211   232   132
   223   250   140
   197   159    46
   256   240    50
   336   165    53
   336   165    53
   218   212    73
   289   272    81
   210   210    93
   307   237    95
   300   290    99
   296   284   102
   335   238   104
   334   242   109
   306   228   110
   294   232   111
   304   226   113
   310   226   116
   209   220   121
   220   261   126
   201   198   127
   202   201   128
   287   245   133
   223   249   140
   226   252   139
   344   173    56
   317   159    76
   338   256    83
   333   260    88
   292   272    89
   219   256    93
   292   270    93
   330   240   106
   303   217   109
   295   234   112
   295   255   113
   191   279   123
   210   204   123
   204   200   127
   208   264   127
   296   242   134
   161   221    84
   281   265    92
   275   155    92
   207   213   118
   205   223   130
   203   211    78
   223   275    86
   283   157    90
   321   249   112
   321   249   112
   319   245   118
   225   233   128
   203   279   128
   203   213    80
   215   231   116
   315   245   116
   267   181   118
   321   241   120