   218   274    31
   217   279    31
   217   274    31
   271   278    22
   254   266    33
   279   255    25
   216   292    34
   280   253    24
   266   282    24
   278   262    36
   273   256    36
   278   286    28
   196   261    20
   274   270    24
   182   266    24
   270   277    27
   280   263    37
   244   282    39
   276   261    35
   249   258    17
   250   258    17
   259   248    38
   182   265    24
   269   263    21
   269   295    17
   260   243    37
   184   272    22
   295   268    36
   220   242    42
   186   291    21
   276   274    16
   185   275    21
   307   253    21
   273   269    15
   293   231    28
   183   271    19
   261   239    13
   191   245    26
   183   273    22
   279   293    15
   308   254    21
   276   262    21
   267   292    33
   262   238    13
   191   239    33
   262   251    22
   258   299     7
   261   306     7
   222   190    36
   220   193    36
   267   244    15
   268   245    15
   200   262    22
   277   285    28
   225   168    25
   221   196    38
   226   165    24
   228   164    24
   229   164    24
   217   164    24
   209   163    21
   250   162    22
   247   161    22
   304   277    26
   207   157    17
   298   161    15
   277   257    26
   323   174    12
   216   164    24
   146   169    11
   119   208    11
   166   160    12
   164   161    12
   286   272    18
   206   159    18
   280   296    30
   205   157    16
   208   158    18
   201   158    15
   216   194    34
   300   163    14
   209   161    20
   167   160    12
   152   167    12
   324   175    12
   297   160    15
   120   206    11
   163   162    12
   179   273    17
   252   282     8
   205   158    17
   272   270    24
   196   274    20
   293   159    16
   342   252    13
   276   281    19
   165   266    20