   218   275    31
   217   280    31
   218   275    31
   271   279    22
   255   267    33
   279   256    25
   215   292    34
   280   254    24
   266   284    24
   278   263    36
   273   257    36
   279   287    28
   196   262    20
   274   272    24
   182   267    24
   270   276    27
   280   264    37
   245   283    39
   277   262    35
   250   259    18
   251   259    18
   260   248    38
   182   267    24
   270   265    21
   269   297    17
   261   244    37
   184   274    22
   296   268    36
   220   243    42
   185   292    22
   275   274    17
   184   275    22
   307   254    21
   272   271    15
   293   232    28
   184   272    20
   260   240    13
   192   247    26
   184   275    22
   278   295    15
   307   254    21
   275   261    21
   268   294    34
   261   238    13
   190   238    33
   264   252    22
   258   301     7
   260   306     7
   222   191    36
   221   193    36
   265   244    15
   266   245    15
   198   264    22
   279   287    28
   226   168    25
   221   195    37
   227   165    24
   229   164    24
   230   164    24
   218   164    24
   210   163    21
   251   162    22
   248   161    22
   303   275    26
   208   157    17
   299   162    15
   279   256    25
   322   175    13
   218   164    24
   146   170    12
   120   209    12
   165   161    12
   165   161    12
   284   272    20
   208   159    18
   282   298    31
   207   157    16
   208   157    17
   203   158    15
   216   192    33
   299   162    15
   211   163    21
   165   161    12
   150   168    12
   322   175    13
   299   162    15
   120   209    12
   165   161    12
   177   276    17
   252   286     8
   208   159    18
   272   274    24
   196   278    20
   296   161    16
   341   257    13
   275   278    20
   161   267    20