   421   320     3
   234   358    21
   419   244    22
   391   347    27
   409   229    38
   200   234    44
   231   372    47
   333   298    48
   262   334    51
   190   382    53
   199   387    54
   209   390    55
   337   362    59
   365   331    63
   366   333    63
   336   364    65
   335   365    65
   347   357    71
   236   343    73
   349   259    74
   352   251    76
   336   312    77
   348   256    79
   336   291    79
   197   283    80
   212   282    81
   258   344    82
   358   286    92
   334   309    95
   333   308    96
   308   320    98
   318   344    18
   419   245    22
   161   350    22
   197   331    36
   213   344    42
   333   351    47
   168   314    50
   262   335    52
   169   258    61
   265   333    61
   366   332    63
   213   353    63
   219   361    72
   350   261    74
   343   213    76
   338   222    77
   349   350    78
   198   270    83
   351   306    83
   197   270    84
   221   346     2
   384   331    23
   414   246    31
   140   293    37
   184   337    58
   354   278    62
   370   349    62
   368   335    63
   221   353    64
   352   281    68
   342   324    70
   211   311    77
   260   338    78
   342   238    79
   365   338    79
   339   297    85
   263   334    86
   311   328    98
   199   384    16
   349   346    20
   391   328    40
   355   342    40
   349   368    42
   337   296    46
   331   296    48
   171   324    52
   367   278    54
   199   366    54
   383   250    62
   199   346    62
   197   330    64
   353   290    66
   349   268    72
   341   280    76
   211   266    86
   353   316    86
   219   286    88
   197   368    36
   399   224    48
   219   342    48
   393   218    50
   349   280    60
   373   340    62
   193   246    64
   207   350    64
   347   344    68
   327   332    70
   251   326    76
   225   346    80
   173   352     8
   403   318    14
   189   368    16
   325   352    18
   339   350    30
   245   314    32
   323   300    48
   337   286    54
   371   338    64
   205   364    68
   351   344    78
   221   346    78
   357   276    82
   353   260    84
   317   338    96
   311   326    98