   420   321     5
   234   357    22
   418   245    24
   391   347    28
   409   231    38
   199   233    46
   232   372    48
   332   298    50
   261   334    51
   190   381    54
   199   386    55
   210   390    55
   337   362    60
   366   331    64
   366   331    64
   335   364    66
   335   364    66
   347   355    73
   236   344    75
   350   259    75
   352   251    77
   337   311    78
   348   256    80
   336   291    81
   198   285    81
   211   284    82
   257   345    83
   358   284    92
   334   307    96
   334   307    96
   309   320    99
   318   344    19
   418   245    24
   160   351    23
   197   333    37
   214   346    44
   334   352    48
   169   316    52
   261   335    52
   169   259    62
   264   335    61
   368   333    64
   215   353    65
   221   361    73
   350   260    75
   344   215    76
   338   223    77
   349   348    80
   197   272    84
   351   304    84
   197   272    84
   219   346     2
   386   331    24
   414   246    32
   140   294    37
   185   338    60
   355   278    64
   370   347    64
   369   333    65
   223   353    66
   353   279    70
   343   322    72
   211   312    79
   259   339    79
   342   239    79
   365   336    80
   339   296    86
   262   335    87
   311   326    99
   199   384    18
   349   344    22
   391   326    42
   357   342    42
   351   368    44
   337   296    48
   331   296    50
   171   326    54
   365   278    56
   201   366    56
   383   250    64
   199   348    64
   197   332    66
   353   288    68
   349   266    74
   341   278    78
   209   268    86
   353   314    86
   221   288    88
   197   370    38
   397   224    48
   219   342    50
   395   220    50
   349   280    62
   373   338    64
   193   246    66
   209   350    66
   347   342    70
   329   332    72
   249   328    76
   225   348    82
   171   352    10
   403   318    16
   189   370    18
   325   354    20
   339   352    32
   245   314    34
   323   300    50
   337   284    56
   373   338    64
   207   364    70
   351   344    80
   223   346    78
   357   276    84
   355   262    84
   319   338    96
   313   328    98