   79   231   116
   112   129   219
   121    87   228
   121    90   230
   156    55   231
   128   112   233
   111    99   255
   112   100   255
   141   129   268
   157   196   148
   172    55   218
   172    56   219
   174    81   238
   126   110   238
   172    84   249
   171    86   251
   166    94   268
   112   143   271
   143   113   289
   118   122   289
   120   114   292
   121   112   293
   123   107   294
   122   108   294
   167    46   110
   129    33   184
   168    51   213
   170    53   216
   171    54   218
   177    80   228
   176    80   230
   174    82   237
   173    84   247
   168    78   252
   170    89   252
   168    79   253
   167    93   261
   166    96   267
   111   139   272
   120   115   290
   120   114   291
   122   110   292
   121   111   292
   125   101   293
   124   103   293
   122   109   293
    99    91   195
   125   131   235
   117   123   287
   117   125   285
   181   139   149
   115    81   235