   80   230   117
   111   130   221
   121    88   230
   121    89   231
   156    56   233
   127   113   235
   111   100   255
   111   100   255
   142   130   267
   156   197   150
   171    55   219
   171    55   219
   174    82   238
   126   112   239
   172    85   249
   171    87   251
   166    96   268
   112   144   270
   142   114   289
   118   120   288
   120   113   291
   121   111   292
   123   106   293
   123   106   293
   165    46   110
   129    33   186
   167    50   212
   169    53   217
   170    54   219
   176    82   230
   176    82   230
   174    83   237
   173    86   247
   168    79   252
   170    90   252
   168    79   252
   167    94   260
   166    97   267
   112   141   271
   120   113   290
   120   113   290
   122   109   292
   121   111   291
   124   103   292
   124   103   292
   122   109   292
    99    93   197
   125   133   237
   117   123   285
   117   123   285
   181   139   151
   115    83   237