   211   247    11
   261   239    13
   273   269    15
   205   157    16
   207   157    17
   269   295    17
   196   261    20
   271   278    22
   295   271    24
   266   282    24
   191   245    26
   304   277    26
   278   286    28
   222   190    36
   258   229    36
   220   242    43
   164   161    12
   163   162    12
   152   167    12
   345   212    14
   207   158    18
   307   253    21
   269   263    21
   185   275    21
   228   164    24
   280   253    24
   225   168    25
   279   255    25
   277   257    26
   293   231    28
   218   274    31
   217   279    31
   273   256    36
   278   262    36
   295   268    36
   260   243    37
   280   263    37
   220   242    42
   167   160    12
   201   158    15
   297   160    15
   298   161    15
   279   293    15
   205   158    17
   250   258    17
   206   159    18
   183   271    19
   164   267    20
   209   163    21
   276   262    21
   250   162    22
   229   164    24
   182   265    24
   280   296    30
   276   261    35
   259   248    38
   238   271    41
   184   272    22
   280   296    30
   286   272    18
   274   270    24
   268   242    14
   200   262    22