   211   248    11
   260   240    13
   272   271    15
   207   157    16
   208   157    17
   269   297    17
   196   262    20
   271   279    22
   296   272    24
   266   284    24
   192   247    26
   303   275    26
   279   287    28
   222   191    36
   259   230    36
   220   243    42
   165   161    12
   165   161    12
   150   168    12
   346   216    14
   208   157    17
   307   254    21
   270   265    21
   184   275    22
   229   164    24
   280   254    24
   226   168    25
   279   256    25
   279   256    25
   293   232    28
   218   275    31
   217   280    31
   273   257    36
   278   263    36
   296   268    36
   261   244    37
   280   264    37
   220   243    42
   165   161    12
   203   158    15
   299   162    15
   299   162    15
   278   295    15
   208   159    18
   251   259    18
   208   159    18
   184   272    20
   161   267    20
   210   163    21
   275   261    21
   251   162    22
   230   164    24
   182   267    24
   282   298    31
   277   262    35
   260   248    38
   239   272    41
   184   274    22
   282   298    31
   284   272    20
   274   272    24
   266   242    14
   198   264    22